0	0.0133333333333333	0.0228571428571429	0.0125714285714286	0.0243809523809524	0.0102857142857143	0.0186666666666667	0.0217142857142857	0.0236190476190476	0.020952380952381	0.0278095238095238	0.0297142857142857	0.0133333333333333	0	0.0236190476190476	0.016	0.0251428571428571	0.00761904761904762	0.0179047619047619	0.0228571428571429	0.0228571428571429	0.0224761904761905	0.0278095238095238	0.0304761904761905	0.0228571428571429	0.0236190476190476	0	0.0232380952380952	0.0232380952380952	0.0213333333333333	0.0163809523809524	0.0205714285714286	0.0213333333333333	0.0194285714285714	0.0281904761904762	0.028952380952381	0.0125714285714286	0.016	0.0232380952380952	0	0.0236190476190476	0.0125714285714286	0.0144761904761905	0.0194285714285714	0.0217142857142857	0.0194285714285714	0.0278095238095238	0.0285714285714286	0.0243809523809524	0.0251428571428571	0.0232380952380952	0.0236190476190476	0	0.0217142857142857	0.024	0.0121904761904762	0.011047619047619	0.0121904761904762	0.0293333333333333	0.0304761904761905	0.0102857142857143	0.00761904761904762	0.0213333333333333	0.0125714285714286	0.0217142857142857	0	0.016	0.019047619047619	0.0194285714285714	0.019047619047619	0.0255238095238095	0.0266666666666667	0.0186666666666667	0.0179047619047619	0.0163809523809524	0.0144761904761905	0.024	0.016	0	0.0194285714285714	0.0205714285714286	0.0194285714285714	0.0278095238095238	0.0278095238095238	0.0217142857142857	0.0228571428571429	0.0205714285714286	0.0194285714285714	0.0121904761904762	0.019047619047619	0.0194285714285714	0	0.00952380952380952	0.008	0.0259047619047619	0.027047619047619	0.0236190476190476	0.0228571428571429	0.0213333333333333	0.0217142857142857	0.011047619047619	0.0194285714285714	0.0205714285714286	0.00952380952380952	0	0.008	0.028952380952381	0.0281904761904762	0.020952380952381	0.0224761904761905	0.0194285714285714	0.0194285714285714	0.0121904761904762	0.019047619047619	0.0194285714285714	0.008	0.008	0	0.0274285714285714	0.0278095238095238	0.0278095238095238	0.0278095238095238	0.0281904761904762	0.0278095238095238	0.0293333333333333	0.0255238095238095	0.0278095238095238	0.0259047619047619	0.028952380952381	0.0274285714285714	0	0.0365714285714286	0.0297142857142857	0.0304761904761905	0.028952380952381	0.0285714285714286	0.0304761904761905	0.0266666666666667	0.0278095238095238	0.027047619047619	0.0281904761904762	0.0278095238095238	0.0365714285714286	0
0	0.00963391136801541	0.0209080047789725	0.0144665461121157	0.0255653883972468	0.010752688172043	0.021505376344086	0.0209080047789725	0.0230414746543779	0.020310633213859	0.032258064516129	0.03584229390681	0.00963391136801541	0	0.0211946050096339	0.0181582360570687	0.0294985250737463	0.00834938985228003	0.0224791265253693	0.0250481695568401	0.0230414746543779	0.0224791265253693	0.0346820809248555	0.0411046885035324	0.0209080047789725	0.0211946050096339	0	0.0186859553948162	0.015732546705998	0.0221027479091995	0.00714285714285714	0.017921146953405	0.0122887864823349	0.0173237753882915	0.0291666666666667	0.030952380952381	0.0144665461121157	0.0181582360570687	0.0186859553948162	0	0.0239520958083832	0.0180831826401447	0.0150693188667872	0.0216998191681736	0.021505376344086	0.0198915009041591	0.0307414104882459	0.0355635925256178	0.0255653883972468	0.0294985250737463	0.015732546705998	0.0239520958083832	0	0.0285152409046214	0.0226155358898722	0.0196656833824975	0.0168970814132104	0.0245821042281219	0.0314650934119961	0.0442477876106195	0.010752688172043	0.00834938985228003	0.0221027479091995	0.0180831826401447	0.0285152409046214	0	0.022700119474313	0.0256869772998805	0.021505376344086	0.022700119474313	0.034647550776583	0.040621266427718	0.021505376344086	0.0224791265253693	0.00714285714285714	0.0150693188667872	0.0226155358898722	0.022700119474313	0	0.0221027479091995	0.0168970814132104	0.020310633213859	0.0333333333333333	0.0351190476190476	0.0209080047789725	0.0250481695568401	0.017921146953405	0.0216998191681736	0.0196656833824975	0.0256869772998805	0.0221027479091995	0	0.0138248847926267	0.0137395459976105	0.027479091995221	0.0328554360812425	0.0230414746543779	0.0230414746543779	0.0122887864823349	0.021505376344086	0.0168970814132104	0.021505376344086	0.0168970814132104	0.0138248847926267	0	0.0168970814132104	0.0307219662058372	0.0460829493087558	0.020310633213859	0.0224791265253693	0.0173237753882915	0.0198915009041591	0.0245821042281219	0.022700119474313	0.020310633213859	0.0137395459976105	0.0168970814132104	0	0.0292712066905615	0.0352449223416965	0.032258064516129	0.0346820809248555	0.0291666666666667	0.0307414104882459	0.0314650934119961	0.034647550776583	0.0333333333333333	0.027479091995221	0.0307219662058372	0.0292712066905615	0	0.0398809523809524	0.03584229390681	0.0411046885035324	0.030952380952381	0.0355635925256178	0.0442477876106195	0.040621266427718	0.0351190476190476	0.0328554360812425	0.0460829493087558	0.0352449223416965	0.0398809523809524	0
0	0.015625	0.0228571428571429	0.0204498977505112	0.0248447204968944	0.015625	0.020979020979021	0.0286458333333333	0.0210727969348659	0.0247395833333333	0.0238095238095238	0.0286458333333333	0.015625	0	0.0228571428571429	0.0245398773006135	0.0289855072463768	0.0104166666666667	0.0233100233100233	0.0286458333333333	0.0210727969348659	0.0247395833333333	0.0178571428571429	0.0260416666666667	0.0228571428571429	0.0228571428571429	0	0.0401606425702811	0.0125	0.0266666666666667	0.021505376344086	0.00571428571428571	0.00957854406130268	0.00761904761904762	0.0178571428571429	0.019047619047619	0.0204498977505112	0.0245398773006135	0.0401606425702811	0	0.025	0.0184049079754601	0.0164319248826291	0.0388548057259714	0.0365853658536585	0.0286298568507157	0.0833333333333333	0.0347648261758691	0.0248447204968944	0.0289855072463768	0.0125	0.025	0	0.0269151138716356	0.0233100233100233	0.010351966873706	0.00843881856540084	0.0062111801242236	0	0.0289855072463768	0.015625	0.0104166666666667	0.0266666666666667	0.0184049079754601	0.0269151138716356	0	0.0186480186480186	0.0286458333333333	0.024904214559387	0.0247395833333333	0.0238095238095238	0.0286458333333333	0.020979020979021	0.0233100233100233	0.021505376344086	0.0164319248826291	0.0233100233100233	0.0186480186480186	0	0.027972027972028	0.0218579234972678	0.0256410256410256	NA	0.027972027972028	0.0286458333333333	0.0286458333333333	0.00571428571428571	0.0388548057259714	0.010351966873706	0.0286458333333333	0.027972027972028	0	0.00766283524904215	0.00911458333333333	0.0178571428571429	0.0286458333333333	0.0210727969348659	0.0210727969348659	0.00957854406130268	0.0365853658536585	0.00843881856540084	0.024904214559387	0.0218579234972678	0.00766283524904215	0	0.00574712643678161	0.0148809523809524	0.0191570881226054	0.0247395833333333	0.0247395833333333	0.00761904761904762	0.0286298568507157	0.0062111801242236	0.0247395833333333	0.0256410256410256	0.00911458333333333	0.00574712643678161	0	0.0148809523809524	0.0247395833333333	0.0238095238095238	0.0178571428571429	0.0178571428571429	0.0833333333333333	0	0.0238095238095238	NA	0.0178571428571429	0.0148809523809524	0.0148809523809524	0	0.0208333333333333	0.0286458333333333	0.0260416666666667	0.019047619047619	0.0347648261758691	0.0289855072463768	0.0286458333333333	0.027972027972028	0.0286458333333333	0.0191570881226054	0.0247395833333333	0.0208333333333333	0
0	0.00980392156862745	0.0267379679144385	0.0115864527629234	0.0267379679144385	0.0089126559714795	0.0204991087344029	0.0276292335115865	0.0258467023172906	0.0294117647058824	0.0311942959001783	0.031277926720286	0.00980392156862745	0	0.0311111111111111	0.016	0.0311111111111111	0.0115555555555556	0.0275555555555556	0.032	0.0302222222222222	0.032	0.0373333333333333	0.0374331550802139	0.0267379679144385	0.0311111111111111	0	0.0248888888888889	0.0275555555555556	0.0302222222222222	0.0133333333333333	0.0266666666666667	0.0266666666666667	0.0284444444444444	0.032	0.0338680926916221	0.0115864527629234	0.016	0.0248888888888889	0	0.0248888888888889	0.0168888888888889	0.0186666666666667	0.0257777777777778	0.024	0.0275555555555556	0.0275555555555556	0.0294117647058824	0.0267379679144385	0.0311111111111111	0.0275555555555556	0.0248888888888889	0	0.032	0.0275555555555556	0.0115555555555556	0.00977777777777778	0.0204444444444444	0.0275555555555556	0.0294117647058824	0.0089126559714795	0.0115555555555556	0.0302222222222222	0.0168888888888889	0.032	0	0.0266666666666667	0.0328888888888889	0.0293333333333333	0.0328888888888889	0.0364444444444444	0.035650623885918	0.0204991087344029	0.0275555555555556	0.0133333333333333	0.0186666666666667	0.0275555555555556	0.0266666666666667	0	0.0266666666666667	0.0248888888888889	0.0284444444444444	0.032	0.0311942959001783	0.0276292335115865	0.032	0.0266666666666667	0.0257777777777778	0.0115555555555556	0.0328888888888889	0.0266666666666667	0	0.016	0.0195555555555556	0.0284444444444444	0.0320855614973262	0.0258467023172906	0.0302222222222222	0.0266666666666667	0.024	0.00977777777777778	0.0293333333333333	0.0248888888888889	0.016	0	0.016	0.0284444444444444	0.0303030303030303	0.0294117647058824	0.032	0.0284444444444444	0.0275555555555556	0.0204444444444444	0.0328888888888889	0.0284444444444444	0.0195555555555556	0.016	0	0.0302222222222222	0.0338680926916221	0.0311942959001783	0.0373333333333333	0.032	0.0275555555555556	0.0275555555555556	0.0364444444444444	0.032	0.0284444444444444	0.0284444444444444	0.0302222222222222	0	0.0338680926916221	0.031277926720286	0.0374331550802139	0.0338680926916221	0.0294117647058824	0.0294117647058824	0.035650623885918	0.0311942959001783	0.0320855614973262	0.0303030303030303	0.0338680926916221	0.0338680926916221	0
0	0.0159529806884971	0.0421940928270042	0.0209907640638119	0.0421940928270042	0.0184718723761545	0.0293870696893367	0.0371308016877637	0.0455696202531646	0.0371308016877637	0.039662447257384	0.049789029535865	0.0159529806884971	0	0.0379746835443038	0.0251889168765743	0.039662447257384	0.0109151973131822	0.0251889168765743	0.0345991561181435	0.0413502109704641	0.0329113924050633	0.0379746835443038	0.0472573839662447	0.0421940928270042	0.0379746835443038	0	0.039662447257384	0.0235096557514694	0.0388185654008439	0.0345991561181435	0.0184718723761545	0.0268681780016793	0.0184718723761545	0.039662447257384	0.0472573839662447	0.0209907640638119	0.0251889168765743	0.039662447257384	0	0.0413502109704641	0.0277078085642317	0.0218303946263644	0.0345991561181435	0.0413502109704641	0.0345991561181435	0.0379746835443038	0.049789029535865	0.0421940928270042	0.039662447257384	0.0235096557514694	0.0413502109704641	0	0.0413502109704641	0.0345991561181435	0.0134340890008396	0.00839630562552477	0.0184718723761545	0.0379746835443038	0.0472573839662447	0.0184718723761545	0.0109151973131822	0.0388185654008439	0.0277078085642317	0.0413502109704641	0	0.0277078085642317	0.0362869198312236	0.0430379746835443	0.0345991561181435	0.039662447257384	0.0472573839662447	0.0293870696893367	0.0251889168765743	0.0345991561181435	0.0218303946263644	0.0345991561181435	0.0277078085642317	0	0.0312236286919831	0.0337552742616034	0.029535864978903	0.0354430379746835	0.0438818565400844	0.0371308016877637	0.0345991561181435	0.0184718723761545	0.0345991561181435	0.0134340890008396	0.0362869198312236	0.0312236286919831	0	0.0167926112510495	0.0134340890008396	0.0329113924050633	0.0430379746835443	0.0455696202531646	0.0413502109704641	0.0268681780016793	0.0413502109704641	0.00839630562552477	0.0430379746835443	0.0337552742616034	0.0167926112510495	0	0.0201511335012594	0.039662447257384	0.0489451476793249	0.0371308016877637	0.0329113924050633	0.0184718723761545	0.0345991561181435	0.0184718723761545	0.0345991561181435	0.029535864978903	0.0134340890008396	0.0201511335012594	0	0.0312236286919831	0.0413502109704641	0.039662447257384	0.0379746835443038	0.039662447257384	0.0379746835443038	0.0379746835443038	0.039662447257384	0.0354430379746835	0.0329113924050633	0.039662447257384	0.0312236286919831	0	0.039662447257384	0.049789029535865	0.0472573839662447	0.0472573839662447	0.049789029535865	0.0472573839662447	0.0472573839662447	0.0438818565400844	0.0430379746835443	0.0489451476793249	0.0413502109704641	0.039662447257384	0
0	0.0191846522781775	0.0472222222222222	0.019047619047619	0.0386740331491713	0.0179487179487179	0.0229007633587786	0.0395061728395062	0.043859649122807	0.041820418204182	0.0431654676258993	0.0743405275779376	0.0191846522781775	0	0.05	0.0253968253968254	0.0515653775322284	0.0230769230769231	0.0279898218829517	0.0481481481481481	0.0460526315789474	0.0479704797047971	0.0491606714628297	0.0827338129496403	0.0472222222222222	0.05	0	0.0363636363636364	0.0404040404040404	0.0472222222222222	0.010752688172043	0.0277777777777778	0.0405405405405405	0.0194444444444444	0.0555555555555556	0.0888888888888889	0.019047619047619	0.0253968253968254	0.0363636363636364	0	0.036144578313253	0.0253968253968254	0.0164609053497942	0.0285714285714286	0.0412698412698413	0.0317460317460317	0.0412698412698413	0.0825396825396825	0.0386740331491713	0.0515653775322284	0.0404040404040404	0.036144578313253	0	0.0481695568400771	0.0356234096692112	0.0110497237569061	0.012012012012012	0.00920810313075507	0.0202578268876611	0.0699815837937385	0.0179487179487179	0.0230769230769231	0.0472222222222222	0.0253968253968254	0.0481695568400771	0	0.0279898218829517	0.0448717948717949	0.0460526315789474	0.0448717948717949	0.05	0.0833333333333333	0.0229007633587786	0.0279898218829517	0.010752688172043	0.0164609053497942	0.0356234096692112	0.0279898218829517	0	0.0279898218829517	0.0428134556574924	0.0279898218829517	0.0305343511450382	0.0712468193384224	0.0395061728395062	0.0481481481481481	0.0277777777777778	0.0285714285714286	0.0110497237569061	0.0448717948717949	0.0279898218829517	0	0.0109649122807018	0.00987654320987654	0.0308641975308642	0.0691358024691358	0.043859649122807	0.0460526315789474	0.0405405405405405	0.0412698412698413	0.012012012012012	0.0460526315789474	0.0428134556574924	0.0109649122807018	0	0.0153508771929825	0.0263157894736842	0.0833333333333333	0.041820418204182	0.0479704797047971	0.0194444444444444	0.0317460317460317	0.00920810313075507	0.0448717948717949	0.0279898218829517	0.00987654320987654	0.0153508771929825	0	0.025830258302583	0.0713407134071341	0.0431654676258993	0.0491606714628297	0.0555555555555556	0.0412698412698413	0.0202578268876611	0.05	0.0305343511450382	0.0308641975308642	0.0263157894736842	0.025830258302583	0	0.0683453237410072	0.0743405275779376	0.0827338129496403	0.0888888888888889	0.0825396825396825	0.0699815837937385	0.0833333333333333	0.0712468193384224	0.0691358024691358	0.0833333333333333	0.0713407134071341	0.0683453237410072	0
0	0.00900900900900901	0.028169014084507	0.00917431192660551	0.0309859154929577	0.012012012012012	0.0272300469483568	0.0328638497652582	0.0309859154929577	0.0291079812206573	0.0396039603960396	0.0422535211267606	0.00900900900900901	0	0.036036036036036	0.00611620795107034	0.03003003003003	0.00900900900900901	0.036036036036036	0.033033033033033	0.03003003003003	0.03003003003003	0.0363036303630363	0.042042042042042	0.028169014084507	0.036036036036036	0	0.0305810397553517	0.0215962441314554	0.039039039039039	0.0103286384976526	0.0234741784037559	0.0215962441314554	0.0197183098591549	0.0363036303630363	0.0366197183098592	0.00917431192660551	0.00611620795107034	0.0305810397553517	0	0.0214067278287462	0.00917431192660551	0.0305810397553517	0.0275229357798165	0.0214067278287462	0.0244648318042813	0.033003300330033	0.036697247706422	0.0309859154929577	0.03003003003003	0.0215962441314554	0.0214067278287462	0	0.033033033033033	0.0262910798122066	0.00938967136150235	0.00187793427230047	0.00563380281690141	0.0297029702970297	0.0328638497652582	0.012012012012012	0.00900900900900901	0.039039039039039	0.00917431192660551	0.033033033033033	0	0.039039039039039	0.036036036036036	0.033033033033033	0.027027027027027	0.0396039603960396	0.045045045045045	0.0272300469483568	0.036036036036036	0.0103286384976526	0.0305810397553517	0.0262910798122066	0.039039039039039	0	0.028169014084507	0.0262910798122066	0.0244131455399061	0.0363036303630363	0.0394366197183099	0.0328638497652582	0.033033033033033	0.0234741784037559	0.0275229357798165	0.00938967136150235	0.036036036036036	0.028169014084507	0	0.00938967136150235	0.00751173708920188	0.033003300330033	0.0328638497652582	0.0309859154929577	0.03003003003003	0.0215962441314554	0.0214067278287462	0.00187793427230047	0.033033033033033	0.0262910798122066	0.00938967136150235	0	0.00563380281690141	0.0297029702970297	0.0328638497652582	0.0291079812206573	0.03003003003003	0.0197183098591549	0.0244648318042813	0.00563380281690141	0.027027027027027	0.0244131455399061	0.00751173708920188	0.00563380281690141	0	0.0297029702970297	0.0309859154929577	0.0396039603960396	0.0363036303630363	0.0363036303630363	0.033003300330033	0.0297029702970297	0.0396039603960396	0.0363036303630363	0.033003300330033	0.0297029702970297	0.0297029702970297	0	0.0495049504950495	0.0422535211267606	0.042042042042042	0.0366197183098592	0.036697247706422	0.0328638497652582	0.045045045045045	0.0394366197183099	0.0328638497652582	0.0328638497652582	0.0309859154929577	0.0495049504950495	0
0	0.0975130890052356	0.0527210884353742	0.0255591054313099	0.0534979423868313	0.0249110320284698	0.0474613686534216	0.0478723404255319	0.0579268292682927	0.060702875399361	0.0554339897884756	0.236074270557029	0.0975130890052356	0	0.0527210884353742	0.0333333333333333	0.0513595166163142	0.0196759259259259	0.0420711974110032	0.118032786885246	0.0557213930348259	0.0583333333333333	0.0890804597701149	0.279921517331589	0.0527210884353742	0.0527210884353742	0	0.0493197278911565	0.0306122448979592	0.0632478632478632	0.0459183673469388	0.0289115646258503	0.0357142857142857	0.0374149659863946	0.0621761658031088	0.273504273504274	0.0255591054313099	0.0333333333333333	0.0493197278911565	0	0.0541666666666667	0.0358796296296296	0.0323624595469256	0.0523504273504274	0.059375	0.0552083333333333	0.0651945320715037	0.262605042016807	0.0534979423868313	0.0513595166163142	0.0306122448979592	0.0541666666666667	0	0.0578703703703704	0.0485436893203883	0.0123839009287926	0.00704934541792548	0.0197916666666667	0.0508130081300813	0.251776649746193	0.0249110320284698	0.0196759259259259	0.0632478632478632	0.0358796296296296	0.0578703703703704	0	0.0462962962962963	0.0578703703703704	0.0636574074074074	0.0625	0.0678362573099415	0.263096623981374	0.0474613686534216	0.0420711974110032	0.0459183673469388	0.0323624595469256	0.0485436893203883	0.0462962962962963	0	0.0468920392584515	0.0539374325782093	0.0496224379719525	0.0610021786492375	0.257889009793254	0.0478723404255319	0.118032786885246	0.0289115646258503	0.0523504273504274	0.0123839009287926	0.0578703703703704	0.0468920392584515	0	0.017329255861366	0.0202991452991453	0.0416666666666667	0.225249169435216	0.0579268292682927	0.0557213930348259	0.0357142857142857	0.059375	0.00704934541792548	0.0636574074074074	0.0539374325782093	0.017329255861366	0	0.0208333333333333	0.0532128514056225	0.251755265797392	0.060702875399361	0.0583333333333333	0.0374149659863946	0.0552083333333333	0.0197916666666667	0.0625	0.0496224379719525	0.0202991452991453	0.0208333333333333	0	0.056782334384858	0.258403361344538	0.0554339897884756	0.0890804597701149	0.0621761658031088	0.0651945320715037	0.0508130081300813	0.0678362573099415	0.0610021786492375	0.0416666666666667	0.0532128514056225	0.056782334384858	0	0.233236151603499	0.236074270557029	0.279921517331589	0.273504273504274	0.262605042016807	0.251776649746193	0.263096623981374	0.257889009793254	0.225249169435216	0.251755265797392	0.258403361344538	0.233236151603499	0
0	0.016750418760469	0.0321583178726036	0.0100502512562814	0.0333951762523191	0.0160791589363018	0.0235003092145949	0.0510822510822511	0.0327767470624614	0.0309214594928881	0.0408163265306122	0.0470006184291899	0.016750418760469	0	0.0301507537688442	0.0271041369472183	0.0485021398002853	0.0134003350083752	0.0234505862646566	0.0442225392296719	0.0427960057061341	0.0318257956448911	0.033500837520938	0.0485762144053601	0.0321583178726036	0.0301507537688442	0	0.0268006700167504	0.0117501546072975	0.0327767470624614	0.0222634508348794	0.032034632034632	0.0123685837971552	0.0117501546072975	0.0352504638218924	0.0401978973407545	0.0100502512562814	0.0271041369472183	0.0268006700167504	0	0.0405405405405405	0.0134003350083752	0.016750418760469	0.0418918918918919	0.0364864864864865	0.0284757118927973	0.0268006700167504	0.0452261306532663	0.0333951762523191	0.0485021398002853	0.0117501546072975	0.0405405405405405	0	0.0352504638218924	0.0247371675943105	0.0354391371340524	0.0130681818181818	0.0123685837971552	0.0371057513914657	0.0426716141001855	0.0160791589363018	0.0134003350083752	0.0327767470624614	0.0134003350083752	0.0352504638218924	0	0.028447742733457	0.051948051948052	0.0346320346320346	0.0340136054421769	0.0457637600494743	0.0476190476190476	0.0235003092145949	0.0234505862646566	0.0222634508348794	0.016750418760469	0.0247371675943105	0.028447742733457	0	0.0476190476190476	0.0241187384044527	0.0222634508348794	0.0352504638218924	0.0371057513914657	0.0510822510822511	0.0442225392296719	0.032034632034632	0.0418918918918919	0.0354391371340524	0.051948051948052	0.0476190476190476	0	0.0346687211093991	0.0337662337662338	0.0545454545454545	0.0640692640692641	0.0327767470624614	0.0427960057061341	0.0123685837971552	0.0364864864864865	0.0130681818181818	0.0346320346320346	0.0241187384044527	0.0346687211093991	0	0.0080395794681509	0.0358688930117502	0.0408163265306122	0.0309214594928881	0.0318257956448911	0.0117501546072975	0.0284757118927973	0.0123685837971552	0.0340136054421769	0.0222634508348794	0.0337662337662338	0.0080395794681509	0	0.0333951762523191	0.038961038961039	0.0408163265306122	0.033500837520938	0.0352504638218924	0.0268006700167504	0.0371057513914657	0.0457637600494743	0.0352504638218924	0.0545454545454545	0.0358688930117502	0.0333951762523191	0	0.0457637600494743	0.0470006184291899	0.0485762144053601	0.0401978973407545	0.0452261306532663	0.0426716141001855	0.0476190476190476	0.0371057513914657	0.0640692640692641	0.0408163265306122	0.038961038961039	0.0457637600494743	0
0	0.0166666666666667	0.0321285140562249	0.0166666666666667	0.0317901234567901	0.0135802469135802	0.0270745428973277	0.0308641975308642	0.0308641975308642	0.0314814814814815	0.0308483290488432	0.037037037037037	0.0166666666666667	0	0.0302749459375965	0.0219135802469136	0.0299382716049383	0.0148148148148148	0.0263713080168776	0.0308641975308642	0.0290123456790123	0.0311728395061728	0.0303341902313625	0.0354938271604938	0.0321285140562249	0.0302749459375965	0	0.0302749459375965	0.0105035526722274	0.0312017299969107	0.024991200281591	0.0139017608897127	0.0139017608897127	0.0145196169292555	0.0272493573264781	0.0324374420759963	0.0166666666666667	0.0219135802469136	0.0302749459375965	0	0.0299382716049383	0.0200617283950617	0.0175808720112518	0.0283950617283951	0.0290123456790123	0.0302469135802469	0.0303341902313625	0.0354938271604938	0.0317901234567901	0.0299382716049383	0.0105035526722274	0.0299382716049383	0	0.0302469135802469	0.0267229254571027	0.0126543209876543	0.0114197530864198	0.0126543209876543	0.0262210796915167	0.0324074074074074	0.0135802469135802	0.0148148148148148	0.0312017299969107	0.0200617283950617	0.0302469135802469	0	0.0260196905766526	0.0311728395061728	0.0299382716049383	0.0314814814814815	0.0303341902313625	0.0354938271604938	0.0270745428973277	0.0263713080168776	0.024991200281591	0.0175808720112518	0.0267229254571027	0.0260196905766526	0	0.0253164556962025	0.0270745428973277	0.0277777777777778	0.0277634961439589	0.0323488045007032	0.0308641975308642	0.0308641975308642	0.0139017608897127	0.0283950617283951	0.0126543209876543	0.0311728395061728	0.0253164556962025	0	0.0123456790123457	0.0135802469135802	0.0287917737789203	0.0324074074074074	0.0308641975308642	0.0290123456790123	0.0139017608897127	0.0290123456790123	0.0114197530864198	0.0299382716049383	0.0270745428973277	0.0123456790123457	0	0.0126543209876543	0.0267352185089974	0.0324074074074074	0.0314814814814815	0.0311728395061728	0.0145196169292555	0.0302469135802469	0.0126543209876543	0.0314814814814815	0.0277777777777778	0.0135802469135802	0.0126543209876543	0	0.0277634961439589	0.0330246913580247	0.0308483290488432	0.0303341902313625	0.0272493573264781	0.0303341902313625	0.0262210796915167	0.0303341902313625	0.0277634961439589	0.0287917737789203	0.0267352185089974	0.0277634961439589	0	0.0287917737789203	0.037037037037037	0.0354938271604938	0.0324374420759963	0.0354938271604938	0.0324074074074074	0.0354938271604938	0.0323488045007032	0.0324074074074074	0.0324074074074074	0.0330246913580247	0.0287917737789203	0
0	0.0134138162307176	0.0286512928022362	0.0174379610999329	0.0476190476190476	0.0100603621730382	0.0274983232729712	0.0301810865191147	0.0496311200536553	0.0323741007194245	0.0308517773306506	0.0335345405767941	0.0134138162307176	0	0.0285714285714286	0.0194500335345406	0.0470588235294118	0.0110821382007823	0.028169014084507	0.030718954248366	0.0490196078431373	0.0297823596792669	0.0293350717079531	0.0391900718484651	0.0286512928022362	0.0285714285714286	0	0.0216631726065688	0.0230566534914361	0.025708635464733	0.0258560447239693	0.0111989459815547	0.0230566534914361	0.00977198697068404	0.0278514588859416	0.0351692103516921	0.0174379610999329	0.0194500335345406	0.0216631726065688	0	0.0422535211267606	0.0160965794768612	0.0234741784037559	0.0234741784037559	0.0415828303152247	0.0287769784172662	0.0254862508383635	0.0308517773306506	0.0476190476190476	0.0470588235294118	0.0230566534914361	0.0422535211267606	0	0.0437539632213063	0.0476190476190476	0.026615969581749	0.00760456273764259	0.00760043431053203	0.0478316326530612	0.0516911295469049	0.0100603621730382	0.0110821382007823	0.025708635464733	0.0160965794768612	0.0437539632213063	0	0.0254862508383635	0.0291693088142042	0.0456563094483196	0.0293478260869565	0.0311903246339911	0.0375796178343949	0.0274983232729712	0.028169014084507	0.0258560447239693	0.0234741784037559	0.0476190476190476	0.0254862508383635	0	0.028169014084507	0.0482897384305835	0.0299760191846523	0.028169014084507	0.0301810865191147	0.0301810865191147	0.030718954248366	0.0111989459815547	0.0234741784037559	0.026615969581749	0.0291693088142042	0.028169014084507	0	0.0259822560202788	0.00651465798045603	0.0293367346938776	0.0357370772176133	0.0496311200536553	0.0490196078431373	0.0230566534914361	0.0415828303152247	0.00760456273764259	0.0456563094483196	0.0482897384305835	0.0259822560202788	0	0.00868621064060804	0.0471938775510204	0.0523292916400766	0.0323741007194245	0.0297823596792669	0.00977198697068404	0.0287769784172662	0.00760043431053203	0.0293478260869565	0.0299760191846523	0.00651465798045603	0.00868621064060804	0	0.0329308452250274	0.0362637362637363	0.0308517773306506	0.0293350717079531	0.0278514588859416	0.0254862508383635	0.0478316326530612	0.0311903246339911	0.028169014084507	0.0293367346938776	0.0471938775510204	0.0329308452250274	0	0.0365150544522742	0.0335345405767941	0.0391900718484651	0.0351692103516921	0.0308517773306506	0.0516911295469049	0.0375796178343949	0.0301810865191147	0.0357370772176133	0.0523292916400766	0.0362637362637363	0.0365150544522742	0
0	0.00851426138782461	0.0531697341513292	0.0218423551756885	0.0340570455512984	0.011068539804172	0.0242656449553001	0.033205619412516	0.0327799063431247	0.0336313324819072	0.0378884631758195	0.0383141762452107	0.00851426138782461	0	0.0521472392638037	0.0170940170940171	0.0319284802043423	0.00936568752660707	0.0234142188165177	0.0310770540655598	0.031502767134951	0.031502767134951	0.0361856108982546	0.0374627501064283	0.0531697341513292	0.0521472392638037	0	0.408163265306122	0.0357873210633947	0.0541922290388548	0.0552147239263804	0.0316973415132924	0.0368098159509202	0.0378323108384458	0.0562372188139059	0.0572597137014315	0.0218423551756885	0.0170940170940171	0.408163265306122	0	0.0351377018043685	0.0218423551756885	0.0265906932573599	0.037037037037037	0.037037037037037	0.0332383665716999	0.0417853751187085	0.0465337132003799	0.0340570455512984	0.0319284802043423	0.0357873210633947	0.0351377018043685	0	0.0349084716900809	0.0357598978288633	0.0119199659429544	0.0102171136653895	0.0140485312899106	0.0366113239676458	0.0421455938697318	0.011068539804172	0.00936568752660707	0.0541922290388548	0.0218423551756885	0.0349084716900809	0	0.0259684972328651	0.0340570455512984	0.0344827586206897	0.0344827586206897	0.0378884631758195	0.0404427415921669	0.0242656449553001	0.0234142188165177	0.0552147239263804	0.0265906932573599	0.0357598978288633	0.0259684972328651	0	0.0340570455512984	0.0353341847594721	0.0349084716900809	0.0361856108982546	0.0391656023839932	0.033205619412516	0.0310770540655598	0.0316973415132924	0.037037037037037	0.0119199659429544	0.0340570455512984	0.0340570455512984	0	0.0136228182205194	0.0148999574286931	0.0353341847594721	0.0421455938697318	0.0327799063431247	0.031502767134951	0.0368098159509202	0.037037037037037	0.0102171136653895	0.0344827586206897	0.0353341847594721	0.0136228182205194	0	0.0114942528735632	0.0374627501064283	0.0417198808003406	0.0336313324819072	0.031502767134951	0.0378323108384458	0.0332383665716999	0.0140485312899106	0.0344827586206897	0.0349084716900809	0.0148999574286931	0.0114942528735632	0	0.0366113239676458	0.0400170285227757	0.0378884631758195	0.0361856108982546	0.0562372188139059	0.0417853751187085	0.0366113239676458	0.0378884631758195	0.0361856108982546	0.0353341847594721	0.0374627501064283	0.0366113239676458	0	0.0412941677309493	0.0383141762452107	0.0374627501064283	0.0572597137014315	0.0465337132003799	0.0421455938697318	0.0404427415921669	0.0391656023839932	0.0421455938697318	0.0417198808003406	0.0400170285227757	0.0412941677309493	0
0	0.0142630744849445	0.0302013422818792	0.0126782884310618	0.0343370311674591	0.0200739566825145	0.0279978869519282	0.0359218172213418	0.0343370311674591	0.0353935552033809	0.0353935552033809	0.0475435816164818	0.0142630744849445	0	0.0335570469798658	0.0206022187004754	0.0364500792393027	0.0163761225567882	0.0295826730058109	0.0369783412572636	0.0364500792393027	0.0364500792393027	0.0375066032752245	0.0480718436344427	0.0302013422818792	0.0335570469798658	0	0.0268456375838926	0.0178372352285396	0.0402684563758389	0.0312151616499443	0.0156075808249721	0.0144927536231884	0.0156075808249721	0.032329988851728	0.0457079152731327	0.0126782884310618	0.0206022187004754	0.0268456375838926	0	0.0332805071315372	0.0243000528262018	0.0195456946645536	0.03486529318542	0.0332805071315372	0.0343370311674591	0.0364500792393027	0.0475435816164818	0.0343370311674591	0.0364500792393027	0.0178372352285396	0.0332805071315372	0	0.0401479133650291	0.0337552742616034	0.0194839389152185	0.00789889415481832	0.0173775671406003	0.0337552742616034	0.0427215189873418	0.0200739566825145	0.0163761225567882	0.0402684563758389	0.0243000528262018	0.0401479133650291	0	0.0327522451135763	0.04067617538299	0.0401479133650291	0.0401479133650291	0.04067617538299	0.0512414157422081	0.0279978869519282	0.0295826730058109	0.0312151616499443	0.0195456946645536	0.0337552742616034	0.0327522451135763	0	0.035337552742616	0.0327004219409283	0.0348101265822785	0.0374472573839662	0.0453586497890295	0.0359218172213418	0.0369783412572636	0.0156075808249721	0.03486529318542	0.0194839389152185	0.04067617538299	0.035337552742616	0	0.018957345971564	0.0173775671406003	0.0348101265822785	0.0437763713080169	0.0343370311674591	0.0364500792393027	0.0144927536231884	0.0332805071315372	0.00789889415481832	0.0401479133650291	0.0327004219409283	0.018957345971564	0	0.0157977883096366	0.0348101265822785	0.0416666666666667	0.0353935552033809	0.0364500792393027	0.0156075808249721	0.0343370311674591	0.0173775671406003	0.0401479133650291	0.0348101265822785	0.0173775671406003	0.0157977883096366	0	0.0337552742616034	0.0421940928270042	0.0353935552033809	0.0375066032752245	0.032329988851728	0.0364500792393027	0.0337552742616034	0.04067617538299	0.0374472573839662	0.0348101265822785	0.0348101265822785	0.0337552742616034	0	0.0406118143459916	0.0475435816164818	0.0480718436344427	0.0457079152731327	0.0475435816164818	0.0427215189873418	0.0512414157422081	0.0453586497890295	0.0437763713080169	0.0416666666666667	0.0421940928270042	0.0406118143459916	0
0	0.0125223613595707	0.0316831683168317	0.0206751054852321	0.0325306294888044	0.0139240506329114	0.0282700421940928	0.0321081537811576	0.0329531051964512	0.0385259631490787	0.039662447257384	0.0490421455938697	0.0125223613595707	0	0.0255474452554745	0.0214669051878354	0.0280262373285629	0	0.0280262373285629	0.0280262373285629	0.0286225402504472	0.0372388737511353	0.0399522957662493	0.0473856209150327	0.0316831683168317	0.0255474452554745	0	0.0303630363036304	0.0238095238095238	0.031023102310231	0.0204620462046205	0.0231481481481481	0.0238095238095238	0.0251322751322751	0.0382838283828383	0.0498084291187739	0.0206751054852321	0.0214669051878354	0.0303630363036304	0	0.0308407266582172	0.0219409282700422	0.0210970464135021	0.0304182509505703	0.031263202365864	0.0385259631490787	0.0383966244725738	0.0482758620689655	0.0325306294888044	0.0280262373285629	0.0238095238095238	0.0308407266582172	0	0.0299957752429235	0.0274609209970427	0.00549218419940853	0.00380228136882129	0.0201005025125628	0.0337980566117448	0.0414746543778802	0.0139240506329114	0	0.031023102310231	0.0219409282700422	0.0299957752429235	0	0.0274261603375527	0.0308407266582172	0.0308407266582172	0.0379676158570631	0.0375527426160338	0.0498084291187739	0.0282700421940928	0.0280262373285629	0.0204620462046205	0.0210970464135021	0.0274609209970427	0.0274261603375527	0	0.0274609209970427	0.0283058724123363	0.033500837520938	0.0345991561181435	0.0459770114942529	0.0321081537811576	0.0280262373285629	0.0231481481481481	0.0304182509505703	0.00549218419940853	0.0308407266582172	0.0274609209970427	0	0.00591465990705534	0.0201005025125628	0.033375580904098	0.0422427035330261	0.0329531051964512	0.0286225402504472	0.0238095238095238	0.031263202365864	0.00380228136882129	0.0308407266582172	0.0283058724123363	0.00591465990705534	0	0.0195421552205472	0.0337980566117448	0.0422427035330261	0.0385259631490787	0.0372388737511353	0.0251322751322751	0.0385259631490787	0.0201005025125628	0.0379676158570631	0.033500837520938	0.0201005025125628	0.0195421552205472	0	0.0402010050251256	0.043778801843318	0.039662447257384	0.0399522957662493	0.0382838283828383	0.0383966244725738	0.0337980566117448	0.0375527426160338	0.0345991561181435	0.033375580904098	0.0337980566117448	0.0402010050251256	0	0.0551724137931034	0.0490421455938697	0.0473856209150327	0.0498084291187739	0.0482758620689655	0.0414746543778802	0.0498084291187739	0.0459770114942529	0.0422427035330261	0.0422427035330261	0.043778801843318	0.0551724137931034	0
0	0.00431034482758621	0.0148148148148148	0.014367816091954	0.0173160173160173	0.0028735632183908	0.0103703703703704	0.021551724137931	0.0172413793103448	0.0144300144300144	0.0172413793103448	0.134529147982063	0.00431034482758621	0	0.0192592592592593	0.0186781609195402	0.0202020202020202	0.00718390804597701	0.0148148148148148	0.0244252873563218	0.0201149425287356	0.0173160173160173	0.021551724137931	0.139013452914798	0.0148148148148148	0.0192592592592593	0	0.0177777777777778	0.0162962962962963	0.0177777777777778	0.0222222222222222	0.0207407407407407	0.0148148148148148	0.0133333333333333	0.0207407407407407	0.137518684603886	0.014367816091954	0.0186781609195402	0.0177777777777778	0	0.025974025974026	0.0172413793103448	0.0133333333333333	0.0344827586206897	0.028735632183908	0.0230880230880231	0.0301724137931034	0.137518684603886	0.0173160173160173	0.0202020202020202	0.0162962962962963	0.025974025974026	0	0.0202020202020202	0.0207407407407407	0.0101010101010101	0.00432900432900433	0.00288600288600289	0.0173160173160173	0.137518684603886	0.0028735632183908	0.00718390804597701	0.0177777777777778	0.0172413793103448	0.0202020202020202	0	0.0133333333333333	0.0244252873563218	0.0201149425287356	0.0173160173160173	0.0201149425287356	0.137518684603886	0.0103703703703704	0.0148148148148148	0.0222222222222222	0.0133333333333333	0.0207407407407407	0.0133333333333333	0	0.0251851851851852	0.0192592592592593	0.0177777777777778	0.0222222222222222	0.139013452914798	0.021551724137931	0.0244252873563218	0.0207407407407407	0.0344827586206897	0.0101010101010101	0.0244252873563218	0.0251851851851852	0	0.0100574712643678	0.00721500721500722	0.0186781609195402	0.14050822122571	0.0172413793103448	0.0201149425287356	0.0148148148148148	0.028735632183908	0.00432900432900433	0.0201149425287356	0.0192592592592593	0.0100574712643678	0	0.00144300144300144	0.0172413793103448	0.134529147982063	0.0144300144300144	0.0173160173160173	0.0133333333333333	0.0230880230880231	0.00288600288600289	0.0173160173160173	0.0177777777777778	0.00721500721500722	0.00144300144300144	0	0.0144300144300144	0.134529147982063	0.0172413793103448	0.021551724137931	0.0207407407407407	0.0301724137931034	0.0173160173160173	0.0201149425287356	0.0222222222222222	0.0186781609195402	0.0172413793103448	0.0144300144300144	0	0.14050822122571	0.134529147982063	0.139013452914798	0.137518684603886	0.137518684603886	0.137518684603886	0.137518684603886	0.139013452914798	0.14050822122571	0.134529147982063	0.134529147982063	0.14050822122571	0
0	0.00623052959501558	0.02209797657082	0.0120948234155781	0.0208868344461565	0.00777604976671851	0.0175695461200586	0.0205444273240883	0.0232717316906229	0.0170278637770898	0.0278918548939083	0.112707182320442	0.00623052959501558	0	0.0145379023883697	0.0110619469026549	0.0218068535825545	0.00674974039460021	0.0137784843667197	0.0212876427829699	0.023883696780893	0.0192107995846314	0.029595015576324	0.110072689511942	0.02209797657082	0.0145379023883697	0	0.0198355104015481	0.0191846522781775	0.0129600829445308	0.0121065375302663	0.0186517452704503	0.0212992545260916	0.0165118679050568	0.034877529286475	0.116390423572744	0.0120948234155781	0.0110619469026549	0.0198355104015481	0	0.0222868217054264	0.0117733627667403	0.0179003386550556	0.0227713178294574	0.0246734397677794	0.0175438596491228	0.0256410256410256	0.109337203676826	0.0208868344461565	0.0218068535825545	0.0191846522781775	0.0222868217054264	0	0.0212545360290306	0.0251526251526252	0.0061633281972265	0.00856017805170347	0.00670794633642931	0.0277349768875193	0.113569321533923	0.00777604976671851	0.00674974039460021	0.0129600829445308	0.0117733627667403	0.0212545360290306	0	0.0121693121693122	0.0207361327112494	0.0233281493001555	0.0186625194401244	0.0285121824779679	0.10938310005184	0.0175695461200586	0.0137784843667197	0.0121065375302663	0.0179003386550556	0.0251526251526252	0.0121693121693122	0	0.0244200244200244	0.0285505124450952	0.0173775671406003	0.0324548560273304	0.118460388639761	0.0205444273240883	0.0212876427829699	0.0186517452704503	0.0227713178294574	0.0061633281972265	0.0207361327112494	0.0244200244200244	0	0.00958739941790789	0.00515995872033024	0.0277349768875193	0.113938053097345	0.0232717316906229	0.023883696780893	0.0212992545260916	0.0246734397677794	0.00856017805170347	0.0233281493001555	0.0285505124450952	0.00958739941790789	0	0.00773993808049536	0.0292607802874743	0.114917127071823	0.0170278637770898	0.0192107995846314	0.0165118679050568	0.0175438596491228	0.00670794633642931	0.0186625194401244	0.0173775671406003	0.00515995872033024	0.00773993808049536	0	0.0263157894736842	0.111455108359133	0.0278918548939083	0.029595015576324	0.034877529286475	0.0256410256410256	0.0277349768875193	0.0285121824779679	0.0324548560273304	0.0277349768875193	0.0292607802874743	0.0263157894736842	0	0.117863720073665	0.112707182320442	0.110072689511942	0.116390423572744	0.109337203676826	0.113569321533923	0.10938310005184	0.118460388639761	0.113938053097345	0.114917127071823	0.111455108359133	0.117863720073665	0
