0	0.013333333	0.022857143	0.012571429	0.024380952	0.010285714	0.018666667	0.021714286	0.023619048	0.020952381	0.027809524	0.029714286	0.013333333	0	0.023619048	0.016	0.025142857	0.007619048	0.017904762	0.022857143	0.022857143	0.02247619	0.027809524	0.03047619	0.022857143	0.023619048	0	0.023238095	0.023238095	0.021333333	0.016380952	0.020571429	0.021333333	0.019428571	0.028190476	0.028952381	0.012571429	0.016	0.023238095	0	0.023619048	0.012571429	0.01447619	0.019428571	0.021714286	0.019428571	0.027809524	0.028571429	0.024380952	0.025142857	0.023238095	0.023619048	0	0.021714286	0.024	0.012190476	0.011047619	0.012190476	0.029333333	0.03047619	0.010285714	0.007619048	0.021333333	0.012571429	0.021714286	0	0.016	0.019047619	0.019428571	0.019047619	0.02552381	0.026666667	0.018666667	0.017904762	0.016380952	0.01447619	0.024	0.016	0	0.019428571	0.020571429	0.019428571	0.027809524	0.027809524	0.021714286	0.022857143	0.020571429	0.019428571	0.012190476	0.019047619	0.019428571	0	0.00952381	0.008	0.025904762	0.027047619	0.023619048	0.022857143	0.021333333	0.021714286	0.011047619	0.019428571	0.020571429	0.00952381	0	0.008	0.028952381	0.028190476	0.020952381	0.02247619	0.019428571	0.019428571	0.012190476	0.019047619	0.019428571	0.008	0.008	0	0.027428571	0.027809524	0.027809524	0.027809524	0.028190476	0.027809524	0.029333333	0.02552381	0.027809524	0.025904762	0.028952381	0.027428571	0	0.036571429	0.029714286	0.03047619	0.028952381	0.028571429	0.03047619	0.026666667	0.027809524	0.027047619	0.028190476	0.027809524	0.036571429	00	0.026315789	0.039755352	0.01980198	0.032305433	0.026431718	0.061111111	0.032305433	0.025862069	0.024963289	0.028011204	0.049926579	0.026315789	0	0.032894737	0.005847953	0.019736842	0.01754386	NA	0.024122807	0.026548673	0.026315789	0.028368794	0.048245614	0.039755352	0.032894737	0	0.0330033	0.024464832	0.041284404	0.032679739	0.029051988	0.022988506	0.03058104	0.042424242	0.04587156	0.01980198	0.005847953	0.0330033	0	0.02970297	0.02970297	0.072916667	0.02970297	0.018518519	0.01980198	0.021978022	0.04950495	0.032305433	0.019736842	0.024464832	0.02970297	0	0.029579067	0.044025157	0.004813478	0.004662005	0.014396456	0.036144578	0.043189369	0.026431718	0.01754386	0.041284404	0.02970297	0.029579067	0	0.040880503	0.027412281	0.024691358	0.025555556	0.032815199	0.04375	0.061111111	NA	0.032679739	0.072916667	0.044025157	0.040880503	0	0.044025157	NA	0.044025157	0.047169811	0.066037736	0.032305433	0.024122807	0.029051988	0.02970297	0.004813478	0.027412281	0.044025157	0	0.008403361	0.012910798	0.029360967	0.038377193	0.025862069	0.026548673	0.022988506	0.018518519	0.004662005	0.024691358	NA	0.008403361	0	0.011655012	0.041666667	0.032634033	0.024963289	0.026315789	0.03058104	0.01980198	0.014396456	0.025555556	0.044025157	0.012910798	0.011655012	0	0.026974952	0.042207792	0.028011204	0.028368794	0.042424242	0.021978022	0.036144578	0.032815199	0.047169811	0.029360967	0.041666667	0.026974952	0	0.050086356	0.049926579	0.048245614	0.04587156	0.04950495	0.043189369	0.04375	0.066037736	0.038377193	0.032634033	0.042207792	0.050086356	00	0.022900763	0.027989822	0.007633588	0.03307888	0.007633588	0.022900763	0.030534351	0.038167939	0.043589744	0.040712468	0.027989822	0.022900763	0	0.045801527	0.025445293	0.050890585	0.025445293	0.03562341	0.048346056	0.055979644	0.061538462	0.050890585	0.045801527	0.027989822	0.045801527	0	0.030534351	0.025445293	0.025445293	0.010178117	0.027989822	0.030534351	0.041025641	0.038167939	0.03307888	0.007633588	0.025445293	0.030534351	0	0.03562341	0.010178117	0.025445293	0.03307888	0.040712468	0.046153846	0.043256997	0.030534351	0.03307888	0.050890585	0.025445293	0.03562341	0	0.03562341	0.030534351	0.010178117	0.005089059	0.023076923	0.045801527	0.03307888	0.007633588	0.025445293	0.025445293	0.010178117	0.03562341	0	0.025445293	0.03307888	0.040712468	0.046153846	0.043256997	0.030534351	0.022900763	0.03562341	0.010178117	0.025445293	0.030534351	0.025445293	0	0.027989822	0.03562341	0.041025641	0.03307888	0.030534351	0.030534351	0.048346056	0.027989822	0.03307888	0.010178117	0.03307888	0.027989822	0	0.015267176	0.017948718	0.040712468	0.027989822	0.038167939	0.055979644	0.030534351	0.040712468	0.005089059	0.040712468	0.03562341	0.015267176	0	0.028205128	0.050890585	0.038167939	0.043589744	0.061538462	0.041025641	0.046153846	0.023076923	0.046153846	0.041025641	0.017948718	0.028205128	0	0.053846154	0.041025641	0.040712468	0.050890585	0.038167939	0.043256997	0.045801527	0.043256997	0.03307888	0.040712468	0.050890585	0.053846154	0	0.048346056	0.027989822	0.045801527	0.03307888	0.030534351	0.03307888	0.030534351	0.030534351	0.027989822	0.038167939	0.041025641	0.048346056	00	0.013986014	0.046692607	0.012531328	0.030965392	0.009324009	0.040871935	0.030965392	0.032786885	0.023310023	0.049450549	0.044289044	0.013986014	0	0.03962704	0.027568922	0.025641026	0.009324009	0.024822695	0.03030303	0.03030303	0.027972028	0.027972028	0.044289044	0.046692607	0.03962704	0	0.045112782	0.038910506	0.034965035	0.029972752	0.042801556	0.040856031	0.03030303	0.052529183	0.055944056	0.012531328	0.027568922	0.045112782	0	0.035087719	0.022556391	0.035714286	0.037593985	0.040100251	0.035087719	0.037593985	0.052631579	0.030965392	0.025641026	0.038910506	0.035087719	0	0.020979021	0.04359673	0.016393443	0.012750455	0.006993007	0.045787546	0.041958042	0.009324009	0.009324009	0.034965035	0.022556391	0.020979021	0	0.017730496	0.025641026	0.027972028	0.023310023	0.023310023	0.044289044	0.040871935	0.024822695	0.029972752	0.035714286	0.04359673	0.017730496	0	0.049046322	0.04359673	0.028368794	0.054495913	0.060283688	0.030965392	0.03030303	0.042801556	0.037593985	0.016393443	0.025641026	0.049046322	0	0.018214936	0.011655012	0.049450549	0.046620047	0.032786885	0.03030303	0.040856031	0.040100251	0.012750455	0.027972028	0.04359673	0.018214936	0	0.009324009	0.047619048	0.048951049	0.023310023	0.027972028	0.03030303	0.035087719	0.006993007	0.023310023	0.028368794	0.011655012	0.009324009	0	0.025641026	0.044289044	0.049450549	0.027972028	0.052529183	0.037593985	0.045787546	0.023310023	0.054495913	0.049450549	0.047619048	0.025641026	0	0.048951049	0.044289044	0.044289044	0.055944056	0.052631579	0.041958042	0.044289044	0.060283688	0.046620047	0.048951049	0.044289044	0.048951049	00	0.009803922	0.026737968	0.011586453	0.026737968	0.008912656	0.020499109	0.027629234	0.025846702	0.029411765	0.031194296	0.031277927	0.009803922	0	0.031111111	0.016	0.031111111	0.011555556	0.027555556	0.032	0.030222222	0.032	0.037333333	0.037433155	0.026737968	0.031111111	0	0.024888889	0.027555556	0.030222222	0.013333333	0.026666667	0.026666667	0.028444444	0.032	0.033868093	0.011586453	0.016	0.024888889	0	0.024888889	0.016888889	0.018666667	0.025777778	0.024	0.027555556	0.027555556	0.029411765	0.026737968	0.031111111	0.027555556	0.024888889	0	0.032	0.027555556	0.011555556	0.009777778	0.020444444	0.027555556	0.029411765	0.008912656	0.011555556	0.030222222	0.016888889	0.032	0	0.026666667	0.032888889	0.029333333	0.032888889	0.036444444	0.035650624	0.020499109	0.027555556	0.013333333	0.018666667	0.027555556	0.026666667	0	0.026666667	0.024888889	0.028444444	0.032	0.031194296	0.027629234	0.032	0.026666667	0.025777778	0.011555556	0.032888889	0.026666667	0	0.016	0.019555556	0.028444444	0.032085561	0.025846702	0.030222222	0.026666667	0.024	0.009777778	0.029333333	0.024888889	0.016	0	0.016	0.028444444	0.03030303	0.029411765	0.032	0.028444444	0.027555556	0.020444444	0.032888889	0.028444444	0.019555556	0.016	0	0.030222222	0.033868093	0.031194296	0.037333333	0.032	0.027555556	0.027555556	0.036444444	0.032	0.028444444	0.028444444	0.030222222	0	0.033868093	0.031277927	0.037433155	0.033868093	0.029411765	0.029411765	0.035650624	0.031194296	0.032085561	0.03030303	0.033868093	0.033868093	00	0.019503546	0.030234316	0.008187135	0.028248588	0.013361463	0.028	0.026722925	0.031307551	0.037151703	0.035277178	0.043600563	0.019503546	0	0.040780142	0.02003643	0.039007092	0.017730496	0.046728972	0.035460993	0.035460993	0.040740741	0.040780142	0.063829787	0.030234316	0.040780142	0	0.032748538	0.024187453	0.034013605	0.021505376	0.021164021	0.024316109	0.032183908	0.03875969	0.049130763	0.008187135	0.02003643	0.032748538	0	0.035087719	0.023391813	0.033492823	0.030409357	0.030409357	0.037825059	0.038596491	0.047953216	0.028248588	0.039007092	0.024187453	0.035087719	0	0.031007752	0.03480589	0.014094433	0.012003693	0.022774327	0.037518038	0.043692741	0.013361463	0.017730496	0.034013605	0.023391813	0.031007752	0	0.035856574	0.029473684	0.033976125	0.041152263	0.038074713	0.045614035	0.028	0.046728972	0.021505376	0.033492823	0.03480589	0.035856574	0	0.034528552	0.035856574	0.043824701	0.04249668	0.046480744	0.026722925	0.035460993	0.021164021	0.030409357	0.014094433	0.029473684	0.034528552	0	0.011937557	0.019547325	0.033764368	0.042105263	0.031307551	0.035460993	0.024316109	0.030409357	0.012003693	0.033976125	0.035856574	0.011937557	0	0.013374486	0.038567493	0.04775023	0.037151703	0.040740741	0.032183908	0.037825059	0.022774327	0.041152263	0.043824701	0.019547325	0.013374486	0	0.041152263	0.054526749	0.035277178	0.040780142	0.03875969	0.038596491	0.037518038	0.038074713	0.04249668	0.033764368	0.038567493	0.041152263	0	0.051005747	0.043600563	0.063829787	0.049130763	0.047953216	0.043692741	0.045614035	0.046480744	0.042105263	0.04775023	0.054526749	0.051005747	00	0.013333333	0.032608696	0.016277424	0.033333333	0.018181818	0.034337772	0.02962963	0.031851852	0.034074074	0.034814815	0.062981106	0.013333333	0	0.031111111	0.015555556	0.034074074	0.011851852	0.02962963	0.03037037	0.032592593	0.034814815	0.034074074	0.05037037	0.032608696	0.031111111	0	0.034057971	0.037037037	0.034782609	0.002898551	0.031851852	0.035555556	0.036296296	0.034074074	0.055797101	0.016277424	0.015555556	0.034057971	0	0.03037037	0.018400566	0.034751773	0.026666667	0.028888889	0.031111111	0.031851852	0.0601983	0.033333333	0.034074074	0.037037037	0.03037037	0	0.034814815	0.035555556	0.011111111	0.012592593	0.005185185	0.038518519	0.054814815	0.018181818	0.011851852	0.034782609	0.018400566	0.034814815	0	0.035038542	0.031111111	0.033333333	0.035555556	0.035555556	0.062281316	0.034337772	0.02962963	0.002898551	0.034751773	0.035555556	0.035038542	0	0.03037037	0.034074074	0.034814815	0.032592593	0.061009818	0.02962963	0.03037037	0.031851852	0.026666667	0.011111111	0.031111111	0.03037037	0	0.00962963	0.01037037	0.033333333	0.04962963	0.031851852	0.032592593	0.035555556	0.028888889	0.012592593	0.033333333	0.034074074	0.00962963	0	0.015555556	0.037037037	0.053333333	0.034074074	0.034814815	0.036296296	0.031111111	0.005185185	0.035555556	0.034814815	0.01037037	0.015555556	0	0.036296296	0.054074074	0.034814815	0.034074074	0.034074074	0.031851852	0.038518519	0.035555556	0.032592593	0.033333333	0.037037037	0.036296296	0	0.05037037	0.062981106	0.05037037	0.055797101	0.0601983	0.054814815	0.062281316	0.061009818	0.04962963	0.053333333	0.054074074	0.05037037	00	0.008032129	0.029116466	0.019076305	0.021084337	0.00502008	0.026104418	0.019076305	0.020080321	0.017068273	0.024320458	0.03815261	0.008032129	0	0.032128514	0.020080321	0.024096386	0.009036145	0.029116466	0.022088353	0.023092369	0.020080321	0.024320458	0.043172691	0.029116466	0.032128514	0	0.03313253	0.023092369	0.030120482	0.015060241	0.017068273	0.020080321	0.021084337	0.030042918	0.037148594	0.019076305	0.020080321	0.03313253	0	0.025100402	0.020080321	0.030120482	0.025100402	0.024096386	0.023092369	0.024320458	0.044176707	0.021084337	0.024096386	0.023092369	0.025100402	0	0.022088353	0.026104418	0.014056225	0.003012048	0.010040161	0.024320458	0.03815261	0.00502008	0.009036145	0.030120482	0.020080321	0.022088353	0	0.027108434	0.020080321	0.021084337	0.018072289	0.027181688	0.041164659	0.026104418	0.029116466	0.015060241	0.030120482	0.026104418	0.027108434	0	0.02811245	0.025100402	0.026104418	0.025751073	0.03815261	0.019076305	0.022088353	0.017068273	0.025100402	0.014056225	0.020080321	0.02811245	0	0.011044177	0.008032129	0.024320458	0.03815261	0.020080321	0.023092369	0.020080321	0.024096386	0.003012048	0.021084337	0.025100402	0.011044177	0	0.007028112	0.022889843	0.037148594	0.017068273	0.020080321	0.021084337	0.023092369	0.010040161	0.018072289	0.026104418	0.008032129	0.007028112	0	0.024320458	0.036144578	0.024320458	0.024320458	0.030042918	0.024320458	0.024320458	0.027181688	0.025751073	0.024320458	0.022889843	0.024320458	0	0.0472103	0.03815261	0.043172691	0.037148594	0.044176707	0.03815261	0.041164659	0.03815261	0.03815261	0.037148594	0.036144578	0.0472103	00	0.011813046	0.024	0	0.02259887	0.009758603	0.02	0.020544427	0.028153153	0.021929825	0.053459119	0.02978942	0.011813046	0	0.024	0.015789474	0.020833333	0.010869565	0.03	0.019474638	0.024774775	0.018421053	0.037735849	0.027972028	0.024	0.024	0	0.024	0.024	0.026666667	0.005649718	0.021333333	0.021333333	0.024	0.021645022	0.021333333	0	0.015789474	0.024	0	0.033333333	0.012280702	0.02020202	0.029824561	0.033333333	0.031578947	0.055555556	0.042105263	0.02259887	0.020833333	0.024	0.033333333	0	0.022192029	0.03	0.009963768	0.004504505	0.009649123	0.031446541	0.026107226	0.009758603	0.010869565	0.026666667	0.012280702	0.022192029	0	0.03	0.020380435	0.027027027	0.022807018	0.050314465	0.029370629	0.02	0.03	0.005649718	0.02020202	0.03	0.03	0	0.023333333	0.03	0.026666667	0.03030303	0.043333333	0.020544427	0.019474638	0.021333333	0.029824561	0.009963768	0.020380435	0.023333333	0	0.010135135	0.007017544	0.028301887	0.025174825	0.028153153	0.024774775	0.021333333	0.033333333	0.004504505	0.027027027	0.03	0.010135135	0	0.006337136	0.028301887	0.031531532	0.021929825	0.018421053	0.024	0.031578947	0.009649123	0.022807018	0.026666667	0.007017544	0.006337136	0	0.028301887	0.023684211	0.053459119	0.037735849	0.021645022	0.055555556	0.031446541	0.050314465	0.03030303	0.028301887	0.028301887	0.028301887	0	0.034591195	0.02978942	0.027972028	0.021333333	0.042105263	0.026107226	0.029370629	0.043333333	0.025174825	0.031531532	0.023684211	0.034591195	00	0.020325203	0.075612354	0.028225806	0.04685836	0.028753994	0.076252723	0.04685836	0.081818182	0.059637913	0.076149425	0.070512821	0.020325203	0	0.056910569	0.024390244	0.06300813	0.014227642	0.069105691	0.06097561	0.081272085	0.06300813	0.061728395	0.073170732	0.075612354	0.056910569	0	0.081989247	0.056443024	0.077083333	0.04516129	0.055378062	0.048484848	0.054166667	0.043103448	0.078369906	0.028225806	0.024390244	0.081989247	0	0.059139785	0.025537634	0.087365591	0.056451613	0.084848485	0.059139785	0.081896552	0.071524966	0.04685836	0.06300813	0.056443024	0.059139785	0	0.056443024	0.072984749	0.010649627	0.033333333	0.022364217	0.068965517	0.05982906	0.028753994	0.014227642	0.077083333	0.025537634	0.056443024	0	0.08172043	0.05857295	0.081818182	0.047916667	0.073275862	0.060606061	0.076252723	0.069105691	0.04516129	0.087365591	0.072984749	0.08172043	0	0.0708061	0.06969697	0.08172043	0.048850575	0.087378641	0.04685836	0.06097561	0.055378062	0.056451613	0.010649627	0.05857295	0.0708061	0	0.039393939	0.024494143	0.067528736	0.057692308	0.081818182	0.081272085	0.048484848	0.084848485	0.033333333	0.081818182	0.06969697	0.039393939	0	0.045454545	0.056962025	0.054545455	0.059637913	0.06300813	0.054166667	0.059139785	0.022364217	0.047916667	0.08172043	0.024494143	0.045454545	0	0.064655172	0.05015674	0.076149425	0.061728395	0.043103448	0.081896552	0.068965517	0.073275862	0.048850575	0.067528736	0.056962025	0.064655172	0	0.077922078	0.070512821	0.073170732	0.078369906	0.071524966	0.05982906	0.060606061	0.087378641	0.057692308	0.054545455	0.05015674	0.077922078	00	0.009009009	0.028169014	0.009174312	0.030985915	0.012012012	0.027230047	0.03286385	0.030985915	0.029107981	0.03960396	0.042253521	0.009009009	0	0.036036036	0.006116208	0.03003003	0.009009009	0.036036036	0.033033033	0.03003003	0.03003003	0.03630363	0.042042042	0.028169014	0.036036036	0	0.03058104	0.021596244	0.039039039	0.010328638	0.023474178	0.021596244	0.01971831	0.03630363	0.036619718	0.009174312	0.006116208	0.03058104	0	0.021406728	0.009174312	0.03058104	0.027522936	0.021406728	0.024464832	0.0330033	0.036697248	0.030985915	0.03003003	0.021596244	0.021406728	0	0.033033033	0.02629108	0.009389671	0.001877934	0.005633803	0.02970297	0.03286385	0.012012012	0.009009009	0.039039039	0.009174312	0.033033033	0	0.039039039	0.036036036	0.033033033	0.027027027	0.03960396	0.045045045	0.027230047	0.036036036	0.010328638	0.03058104	0.02629108	0.039039039	0	0.028169014	0.02629108	0.024413146	0.03630363	0.03943662	0.03286385	0.033033033	0.023474178	0.027522936	0.009389671	0.036036036	0.028169014	0	0.009389671	0.007511737	0.0330033	0.03286385	0.030985915	0.03003003	0.021596244	0.021406728	0.001877934	0.033033033	0.02629108	0.009389671	0	0.005633803	0.02970297	0.03286385	0.029107981	0.03003003	0.01971831	0.024464832	0.005633803	0.027027027	0.024413146	0.007511737	0.005633803	0	0.02970297	0.030985915	0.03960396	0.03630363	0.03630363	0.0330033	0.02970297	0.03960396	0.03630363	0.0330033	0.02970297	0.02970297	0	0.04950495	0.042253521	0.042042042	0.036619718	0.036697248	0.03286385	0.045045045	0.03943662	0.03286385	0.03286385	0.030985915	0.04950495	00	0.012202954	0.021836866	0.00462963	0.020408163	0.011560694	0.01734104	0.021836866	0.023763648	0.017983301	0.024405909	0.043673732	0.012202954	0	0.01734104	0.013888889	0.013605442	0.007064868	0.012845215	0.019910083	0.020552344	0.016056519	0.021836866	0.041746949	0.021836866	0.01734104	0	0.018518519	0.006802721	0.017983301	0.008991651	0.014129737	0.01734104	0.012845215	0.021836866	0.040462428	0.00462963	0.013888889	0.018518519	0	0.019047619	0.010802469	0.018518519	0.023148148	0.023148148	0.020061728	0.027777778	0.038580247	0.020408163	0.013605442	0.006802721	0.019047619	0	0.018707483	0.011904762	0.00170068	0.005102041	0.005102041	0.013605442	0.028911565	0.011560694	0.007064868	0.017983301	0.010802469	0.018707483	0	0.013487476	0.019267823	0.021194605	0.015414258	0.021194605	0.041104689	0.01734104	0.012845215	0.008991651	0.018518519	0.011904762	0.013487476	0	0.018625562	0.022479127	0.015414258	0.022479127	0.040462428	0.021836866	0.019910083	0.014129737	0.023148148	0.00170068	0.019267823	0.018625562	0	0.00834939	0.005138086	0.020552344	0.039820167	0.023763648	0.020552344	0.01734104	0.023148148	0.005102041	0.021194605	0.022479127	0.00834939	0	0.00834939	0.022479127	0.043031471	0.017983301	0.016056519	0.012845215	0.020061728	0.005102041	0.015414258	0.015414258	0.005138086	0.00834939	0	0.017983301	0.038535645	0.024405909	0.021836866	0.021836866	0.027777778	0.013605442	0.021194605	0.022479127	0.020552344	0.022479127	0.017983301	0	0.044315992	0.043673732	0.041746949	0.040462428	0.038580247	0.028911565	0.041104689	0.040462428	0.039820167	0.043031471	0.038535645	0.044315992	00	0.019144144	0.034559643	0.014492754	0.0625	0.016722408	0.046822742	0.04957265	0.036789298	0.096096096	0.040133779	0.049052397	0.019144144	0	0.03490991	0.018018018	0.061333333	0.015765766	0.042792793	0.046875	0.032657658	0.094368341	0.037162162	0.046171171	0.034559643	0.03490991	0	0.043290043	0.059895833	0.030100334	0.023255814	0.040816327	0.024444444	0.08819133	0.04004329	0.047619048	0.014492754	0.018018018	0.043290043	0	0.067708333	0.017837235	0.043189369	0.052721088	0.034444444	0.098654709	0.048701299	0.048701299	0.0625	0.061333333	0.059895833	0.067708333	0	0.0546875	0.059895833	0.028645833	0.028645833	0.026041667	0.052083333	0.072916667	0.016722408	0.015765766	0.030100334	0.017837235	0.0546875	0	0.042363434	0.041025641	0.031215162	0.09009009	0.034559643	0.041248606	0.046822742	0.042792793	0.023255814	0.043189369	0.059895833	0.042363434	0	0.06292517	0.045555556	0.109118087	0.043189369	0.044296788	0.04957265	0.046875	0.040816327	0.052721088	0.028645833	0.041025641	0.06292517	0	0.018707483	0.018771331	0.047619048	0.06122449	0.036789298	0.032657658	0.024444444	0.034444444	0.028645833	0.031215162	0.045555556	0.018707483	0	0.070254111	0.032222222	0.041111111	0.096096096	0.094368341	0.08819133	0.098654709	0.026041667	0.09009009	0.109118087	0.018771331	0.070254111	0	0.095665172	0.104633782	0.040133779	0.037162162	0.04004329	0.048701299	0.052083333	0.034559643	0.043189369	0.047619048	0.032222222	0.095665172	0	0.050865801	0.049052397	0.046171171	0.047619048	0.048701299	0.072916667	0.041248606	0.044296788	0.06122449	0.041111111	0.104633782	0.050865801	00	0.017223911	0.037267081	0.008486083	0.039661899	0.017161316	0.031092267	0.038888889	0.038647343	0.04916958	0.042971148	0.087484562	0.017223911	0	0.0414651	0.018348624	0.043270276	0.019047619	0.034650456	0.041833556	0.042057403	0.052516411	0.047032245	0.090082645	0.037267081	0.0414651	0	0.038033728	0.027400524	0.04137931	0.019054178	0.029929175	0.025346301	0.030309989	0.043841336	0.049391224	0.008486083	0.018348624	0.038033728	0	0.038314176	0.019707781	0.031907671	0.036394558	0.037338764	0.038357094	0.04011065	0.041454298	0.039661899	0.043270276	0.027400524	0.038314176	0	0.043779801	0.036603855	0.01667858	0.011804908	0.026445121	0.040437158	0.087989441	0.017161316	0.019047619	0.04137931	0.019707781	0.043779801	0	0.034503632	0.041749944	0.042909918	0.052631579	0.046449765	0.089954714	0.031092267	0.034650456	0.019054178	0.031907671	0.036603855	0.034503632	0	0.035239362	0.032340426	0.045771578	0.040236928	0.085320724	0.038888889	0.041833556	0.029929175	0.036394558	0.01667858	0.041749944	0.035239362	0	0.017202482	0.016204218	0.040519364	0.046604527	0.038647343	0.042057403	0.025346301	0.037338764	0.011804908	0.042909918	0.032340426	0.017202482	0	0.012679628	0.035857717	0.039615167	0.04916958	0.052516411	0.030309989	0.038357094	0.026445121	0.052631579	0.045771578	0.016204218	0.012679628	0	0.050187101	0.053587052	0.042971148	0.047032245	0.043841336	0.04011065	0.040437158	0.046449765	0.040236928	0.040519364	0.035857717	0.050187101	0	0.085803109	0.087484562	0.090082645	0.049391224	0.041454298	0.087989441	0.089954714	0.085320724	0.046604527	0.039615167	0.053587052	0.085803109	00	0.008045977	0.035632184	0.012152778	0.049924357	0.009324009	0.079744817	0.031034483	0.051321928	0.036781609	0.040229885	0.057670127	0.008045977	0	0.039325843	0.014905149	0.049924357	0.013645224	0.07814992	0.032206119	0.051321928	0.03714565	0.047344111	0.058574181	0.035632184	0.039325843	0	0.048780488	0.054462935	0.04536862	0.054226475	0.03495935	0.057542768	0.044776119	0.047440699	0.053783615	0.012152778	0.014905149	0.048780488	0	0.045333333	0.014905149	0.057742782	0.039295393	0.050420168	0.04519774	0.046070461	0.047619048	0.049924357	0.049924357	0.054462935	0.045333333	0	0.0456621	0.082125604	0.031770045	0.010385757	0.031770045	0.069364162	0.092888244	0.009324009	0.013645224	0.04536862	0.014905149	0.0456621	0	0.079744817	0.033744856	0.046948357	0.041414141	0.050292398	0.06245121	0.079744817	0.07814992	0.054226475	0.057742782	0.082125604	0.079744817	0	0.081339713	0.084577114	0.087719298	0.089314195	0.105769231	0.031034483	0.032206119	0.03495935	0.039295393	0.031770045	0.033744856	0.081339713	0	0.032659409	0.018682399	0.031400966	0.052461663	0.051321928	0.051321928	0.057542768	0.050420168	0.010385757	0.046948357	0.084577114	0.032659409	0	0.032659409	0.071216617	0.098360656	0.036781609	0.03714565	0.044776119	0.04519774	0.031770045	0.041414141	0.087719298	0.018682399	0.032659409	0	0.043010753	0.060784314	0.040229885	0.047344111	0.047440699	0.046070461	0.069364162	0.050292398	0.089314195	0.031400966	0.071216617	0.043010753	0	0.060167555	0.057670127	0.058574181	0.053783615	0.047619048	0.092888244	0.06245121	0.105769231	0.052461663	0.098360656	0.060784314	0.060167555	00	0.012419275	0.032386647	0.012444444	0.034773969	0.010432191	0.031296572	0.033283656	0.038251366	0.032290114	0.043219076	0.052830189	0.012419275	0	0.033333333	0.015111111	0.034722222	0.010912698	0.03125	0.033234127	0.037698413	0.032242063	0.040178571	0.05210295	0.032386647	0.033333333	0	0.024	0.027363184	0.031343284	0.019402985	0.025373134	0.025870647	0.020895522	0.038308458	0.04536862	0.012444444	0.015111111	0.024	0	0.025777778	0.010666667	0.019555556	0.024888889	0.029333333	0.024888889	0.030222222	0.034666667	0.034773969	0.034722222	0.027363184	0.025777778	0	0.033730159	0.03125	0.008928571	0.020337302	0.016369048	0.038194444	0.047080979	0.010432191	0.010912698	0.031343284	0.010666667	0.033730159	0	0.028769841	0.032242063	0.037202381	0.03125	0.041170635	0.050847458	0.031296572	0.03125	0.019402985	0.019555556	0.03125	0.028769841	0	0.029761905	0.032738095	0.029761905	0.039186508	0.047080979	0.033283656	0.033234127	0.025373134	0.024888889	0.008928571	0.032242063	0.029761905	0	0.020337302	0.015376984	0.036706349	0.046453233	0.038251366	0.037698413	0.025870647	0.029333333	0.020337302	0.037202381	0.032738095	0.020337302	0	0.017361111	0.041170635	0.050219711	0.032290114	0.032242063	0.020895522	0.024888889	0.016369048	0.03125	0.029761905	0.015376984	0.017361111	0	0.037698413	0.047080979	0.043219076	0.040178571	0.038308458	0.030222222	0.038194444	0.041170635	0.039186508	0.036706349	0.041170635	0.037698413	0	0.053358443	0.052830189	0.05210295	0.04536862	0.034666667	0.047080979	0.050847458	0.047080979	0.046453233	0.050219711	0.047080979	0.053358443	00	0.017117117	0.032128514	0.013888889	0.059139785	0.01242236	0.032432432	0.107899807	0.036723164	0.037037037	0.036330609	0.038738739	0.017117117	0	0.035140562	0.01984127	0.061827957	0.017598344	0.037837838	0.111753372	0.038606403	0.038843722	0.039963669	0.042342342	0.032128514	0.035140562	0	0.035714286	0.049206349	0.032091097	0.006024096	0.0995671	0.023092369	0.025100402	0.029116466	0.029116466	0.013888889	0.01984127	0.035714286	0	0.043650794	0.016771488	0.035714286	0.066157761	0.03968254	0.03968254	0.041666667	0.037698413	0.059139785	0.061827957	0.049206349	0.043650794	0	0.061666667	0.049731183	0.058212058	0.034482759	0.037786775	0.057142857	0.051075269	0.01242236	0.017598344	0.032091097	0.016771488	0.061666667	0	0.032091097	0.12037037	0.035196687	0.036231884	0.034161491	0.038302277	0.032432432	0.037837838	0.006024096	0.035714286	0.049731183	0.032091097	0	0.096339114	0.028248588	0.028906956	0.030881017	0.030630631	0.107899807	0.111753372	0.0995671	0.066157761	0.058212058	0.12037037	0.096339114	0	0.082851638	0.083333333	0.102713178	0.094412331	0.036723164	0.038606403	0.023092369	0.03968254	0.034482759	0.035196687	0.028248588	0.082851638	0	0.018885741	0.035882908	0.033898305	0.037037037	0.038843722	0.025100402	0.03968254	0.037786775	0.036231884	0.028906956	0.083333333	0.018885741	0	0.035422343	0.03432701	0.036330609	0.039963669	0.029116466	0.041666667	0.057142857	0.034161491	0.030881017	0.102713178	0.035882908	0.035422343	0	0.035422343	0.038738739	0.042342342	0.029116466	0.037698413	0.051075269	0.038302277	0.030630631	0.094412331	0.033898305	0.03432701	0.035422343	00	0.012522361	0.031683168	0.020675105	0.032530629	0.013924051	0.028270042	0.032108154	0.032953105	0.038525963	0.039662447	0.049042146	0.012522361	0	0.025547445	0.021466905	0.028026237	0	0.028026237	0.028026237	0.02862254	0.037238874	0.039952296	0.047385621	0.031683168	0.025547445	0	0.030363036	0.023809524	0.031023102	0.020462046	0.023148148	0.023809524	0.025132275	0.038283828	0.049808429	0.020675105	0.021466905	0.030363036	0	0.030840727	0.021940928	0.021097046	0.030418251	0.031263202	0.038525963	0.038396624	0.048275862	0.032530629	0.028026237	0.023809524	0.030840727	0	0.029995775	0.027460921	0.005492184	0.003802281	0.020100503	0.033798057	0.041474654	0.013924051	0	0.031023102	0.021940928	0.029995775	0	0.02742616	0.030840727	0.030840727	0.037967616	0.037552743	0.049808429	0.028270042	0.028026237	0.020462046	0.021097046	0.027460921	0.02742616	0	0.027460921	0.028305872	0.033500838	0.034599156	0.045977011	0.032108154	0.028026237	0.023148148	0.030418251	0.005492184	0.030840727	0.027460921	0	0.00591466	0.020100503	0.033375581	0.042242704	0.032953105	0.02862254	0.023809524	0.031263202	0.003802281	0.030840727	0.028305872	0.00591466	0	0.019542155	0.033798057	0.042242704	0.038525963	0.037238874	0.025132275	0.038525963	0.020100503	0.037967616	0.033500838	0.020100503	0.019542155	0	0.040201005	0.043778802	0.039662447	0.039952296	0.038283828	0.038396624	0.033798057	0.037552743	0.034599156	0.033375581	0.033798057	0.040201005	0	0.055172414	0.049042146	0.047385621	0.049808429	0.048275862	0.041474654	0.049808429	0.045977011	0.042242704	0.042242704	0.043778802	0.055172414	00	0.085858586	0.024767802	0.02373581	0.030114226	0.061333333	0.027075812	0.038183695	0.040247678	0.0609319	0.045407637	0.049689441	0.085858586	0	0.088383838	0.088383838	0.080808081	0	0.434782609	0.098484848	0.098484848	0.068681319	0.085858586	0.085858586	0.024767802	0.088383838	0	0.086324786	0.024922118	0.064	0.007220217	0.1	0.035460993	0.059139785	0.105128205	0.113967438	0.02373581	0.088383838	0.086324786	0	0.021806854	0.064	0.043551089	0.039215686	0.03343465	0.059139785	0.048406863	0.066298343	0.030114226	0.080808081	0.024922118	0.021806854	0	0.056	0.018115942	0.017653167	0.023883697	0.055555556	0.036344756	0.036458333	0.061333333	0	0.064	0.064	0.056	0	0.36	0.074666667	0.074666667	0.068681319	0.061333333	0.061333333	0.027075812	0.434782609	0.007220217	0.043551089	0.018115942	0.36	0	0.051926298	0.027075812	0.088435374	0.070351759	0.082491582	0.038183695	0.098484848	0.1	0.039215686	0.017653167	0.074666667	0.051926298	0	0.012158055	0.039426523	0.042892157	0.064456722	0.040247678	0.098484848	0.035460993	0.03343465	0.023883697	0.074666667	0.027075812	0.012158055	0	0.034050179	0.04154002	0.050813008	0.0609319	0.068681319	0.059139785	0.059139785	0.055555556	0.068681319	0.088435374	0.039426523	0.034050179	0	0.071684588	0.068100358	0.045407637	0.085858586	0.105128205	0.048406863	0.036344756	0.061333333	0.070351759	0.042892157	0.04154002	0.071684588	0	0.071823204	0.049689441	0.085858586	0.113967438	0.066298343	0.036458333	0.061333333	0.082491582	0.064456722	0.050813008	0.068100358	0.071823204	00	0.00623053	0.022097977	0.012094823	0.020886834	0.00777605	0.017569546	0.020544427	0.023271732	0.017027864	0.027891855	0.112707182	0.00623053	0	0.014537902	0.011061947	0.021806854	0.00674974	0.013778484	0.021287643	0.023883697	0.0192108	0.029595016	0.11007269	0.022097977	0.014537902	0	0.01983551	0.019184652	0.012960083	0.012106538	0.018651745	0.021299255	0.016511868	0.034877529	0.116390424	0.012094823	0.011061947	0.01983551	0	0.022286822	0.011773363	0.017900339	0.022771318	0.02467344	0.01754386	0.025641026	0.109337204	0.020886834	0.021806854	0.019184652	0.022286822	0	0.021254536	0.025152625	0.006163328	0.008560178	0.006707946	0.027734977	0.113569322	0.00777605	0.00674974	0.012960083	0.011773363	0.021254536	0	0.012169312	0.020736133	0.023328149	0.018662519	0.028512182	0.1093831	0.017569546	0.013778484	0.012106538	0.017900339	0.025152625	0.012169312	0	0.024420024	0.028550512	0.017377567	0.032454856	0.118460389	0.020544427	0.021287643	0.018651745	0.022771318	0.006163328	0.020736133	0.024420024	0	0.009587399	0.005159959	0.027734977	0.113938053	0.023271732	0.023883697	0.021299255	0.02467344	0.008560178	0.023328149	0.028550512	0.009587399	0	0.007739938	0.02926078	0.114917127	0.017027864	0.0192108	0.016511868	0.01754386	0.006707946	0.018662519	0.017377567	0.005159959	0.007739938	0	0.026315789	0.111455108	0.027891855	0.029595016	0.034877529	0.025641026	0.027734977	0.028512182	0.032454856	0.027734977	0.02926078	0.026315789	0	0.11786372	0.112707182	0.11007269	0.116390424	0.109337204	0.113569322	0.1093831	0.118460389	0.113938053	0.114917127	0.111455108	0.11786372	00	0.02629108	0.049951969	0.01659751	0.077097506	0.054761905	0.077441077	0.096153846	0.056338028	0.106060606	0.0657277	0.069483568	0.02629108	0	0.050912584	0.024896266	0.065759637	0.047619048	0.087378641	0.08974359	0.076363636	0.103139013	0.076363636	0.075855689	0.049951969	0.050912584	0	0.050071531	0.088095238	0.089834515	0.015706806	0.104477612	0.058429119	0.117370892	0.074712644	0.069923372	0.01659751	0.024896266	0.050071531	0	0.068027211	0.052380952	0.070707071	0.056603774	0.053941909	0.051457976	0.071922545	0.076071923	0.077097506	0.065759637	0.088095238	0.068027211	0	0.091168091	0.087837838	0.015765766	0.036036036	0.027027027	0.096846847	0.103603604	0.054761905	0.047619048	0.089834515	0.052380952	0.091168091	0	0.087470449	0.082742317	0.092198582	0.070921986	0.096926714	0.113475177	0.077441077	0.087378641	0.015706806	0.070707071	0.087837838	0.087470449	0	0.071672355	0.104669887	0.080672269	0.130434783	0.098006645	0.096153846	0.08974359	0.104477612	0.056603774	0.015765766	0.082742317	0.071672355	0	0.062200957	0.01754386	0.105263158	0.11323764	0.056338028	0.076363636	0.058429119	0.053941909	0.036036036	0.092198582	0.104669887	0.062200957	0	0.083333333	0.085222121	0.073800738	0.106060606	0.103139013	0.117370892	0.051457976	0.027027027	0.070921986	0.080672269	0.01754386	0.083333333	0	0.126488095	0.124251497	0.0657277	0.076363636	0.074712644	0.071922545	0.096846847	0.096926714	0.130434783	0.105263158	0.085222121	0.126488095	0	0.079335793	0.069483568	0.075855689	0.069923372	0.076071923	0.103603604	0.113475177	0.098006645	0.11323764	0.073800738	0.124251497	0.079335793	00	0.025171625	0.034305317	0.006944444	0.033733562	0.023455378	0.036585366	0.032590051	0.034305317	0.035448828	0.034877073	0.044025157	0.025171625	0	0.037185355	0.037037037	0.038329519	0.006292906	0.045731707	0.037757437	0.040045767	0.038901602	0.040045767	0.04805492	0.034305317	0.037185355	0	0.048611111	0.027444254	0.037185355	0.013211382	0.026300743	0.028016009	0.029731275	0.031446541	0.041166381	0.006944444	0.037037037	0.048611111	0	0.055555556	0.037037037	0.053571429	0.055555556	0.050925926	0.055555556	0.048611111	0.069444444	0.033733562	0.038329519	0.027444254	0.055555556	0	0.037757437	0.042682927	0.003430532	0.01086335	0.018867925	0.032018296	0.03887936	0.023455378	0.006292906	0.037185355	0.037037037	0.037757437	0	0.045731707	0.036613272	0.038901602	0.037757437	0.037757437	0.046910755	0.036585366	0.045731707	0.013211382	0.053571429	0.042682927	0.045731707	0	0.039634146	0.044715447	0.040650407	0.040650407	0.046747967	0.032590051	0.037757437	0.026300743	0.055555556	0.003430532	0.036613272	0.039634146	0	0.013150372	0.017724414	0.030874786	0.03887936	0.034305317	0.040045767	0.028016009	0.050925926	0.01086335	0.038901602	0.044715447	0.013150372	0	0.02058319	0.032590051	0.040594626	0.035448828	0.038901602	0.029731275	0.055555556	0.018867925	0.037757437	0.040650407	0.017724414	0.02058319	0	0.032590051	0.042309891	0.034877073	0.040045767	0.031446541	0.048611111	0.032018296	0.037757437	0.040650407	0.030874786	0.032590051	0.032590051	0	0.042309891	0.044025157	0.04805492	0.041166381	0.069444444	0.03887936	0.046910755	0.046747967	0.03887936	0.040594626	0.042309891	0.042309891	00	0.006289308	0.031238907	0.028571429	0.031126872	0.033584432	0.03599374	0.039215686	0.031541219	0.034526051	0.037700283	0.142632736	0.006289308	0	0.025157233	0.029350105	0.016771488	0.012578616	0.023060797	0.025157233	0.014675052	0.023060797	0.018867925	0.161425577	0.031238907	0.025157233	0	0.033766234	0.021670607	0.039758608	0.018388106	0.034602076	0.022580645	0.030528931	0.033049041	0.15565032	0.028571429	0.029350105	0.033766234	0	0.035497835	0.031168831	0.024242424	0.03982684	0.037229437	0.038095238	0.0390625	0.178819444	0.031126872	0.016771488	0.021670607	0.035497835	0	0.03427896	0.031914894	0.028368794	0.007092199	0.02679275	0.029585799	0.167258383	0.033584432	0.012578616	0.039758608	0.031168831	0.03427896	0	0.037558685	0.042291426	0.039784946	0.053672316	0.056864593	0.162739554	0.03599374	0.023060797	0.018388106	0.024242424	0.031914894	0.037558685	0	0.03599374	0.034428795	0.03599374	0.037211124	0.172346259	0.039215686	0.025157233	0.034602076	0.03982684	0.028368794	0.042291426	0.03599374	0	0.032679739	0.023068051	0.038491147	0.17282525	0.031541219	0.014675052	0.022580645	0.037229437	0.007092199	0.039784946	0.034428795	0.032679739	0	0.028315412	0.033369214	0.154646573	0.034526051	0.023060797	0.030528931	0.038095238	0.02679275	0.053672316	0.03599374	0.023068051	0.028315412	0	0.033616085	0.138862708	0.037700283	0.018867925	0.033049041	0.0390625	0.029585799	0.056864593	0.037211124	0.038491147	0.033369214	0.033616085	0	0.142138365	0.142632736	0.161425577	0.15565032	0.178819444	0.167258383	0.162739554	0.172346259	0.17282525	0.154646573	0.138862708	0.142138365	00	0.011191942	0.033444816	0.017987634	0.064593301	0.013377926	0.030586767	0.052631579	0.045150502	0.061465721	0.066130474	0.057239057	0.011191942	0	0.033557047	0.022573363	0.067551267	0.015564202	0.029962547	0.056390977	0.045025014	0.065554231	0.066248881	0.059151786	0.033444816	0.033557047	0	0.038785835	0.05861244	0.037325905	0.019350811	0.04887218	0.028412256	0.056737589	0.055406613	0.04935502	0.017987634	0.022573363	0.038785835	0	0.072966507	0.023046655	0.034956305	0.062656642	0.047779651	0.072360617	0.074173369	0.060982496	0.064593301	0.067551267	0.05861244	0.072966507	0	0.06937799	0.056801196	0.011278195	0.034688995	0.016806723	0.070544554	0.080917874	0.013377926	0.015564202	0.037325905	0.023046655	0.06937799	0	0.032459426	0.060150376	0.047619048	0.072104019	0.068811439	0.060758082	0.030586767	0.029962547	0.019350811	0.034956305	0.056801196	0.032459426	0	0.052316891	0.033707865	0.055306428	0.048654244	0.054307116	0.052631579	0.056390977	0.04887218	0.062656642	0.011278195	0.060150376	0.052316891	0	0.026315789	0.011278195	0.06122449	0.073934837	0.045150502	0.045025014	0.028412256	0.047779651	0.034688995	0.047619048	0.033707865	0.026315789	0	0.031914894	0.061662198	0.052954292	0.061465721	0.065554231	0.056737589	0.072360617	0.016806723	0.072104019	0.055306428	0.011278195	0.031914894	0	0.073019802	0.07875895	0.066130474	0.066248881	0.055406613	0.074173369	0.070544554	0.068811439	0.048654244	0.06122449	0.061662198	0.073019802	0	0.076854334	0.057239057	0.059151786	0.04935502	0.060982496	0.080917874	0.060758082	0.054307116	0.073934837	0.052954292	0.07875895	0.076854334	00	0.011373578	0.02504817	0.003891051	0.025495751	0.012202954	0.022666667	0.022479127	0.02569043	0.026332691	0.027617213	0.233784747	0.011373578	0	0.028795812	0.022408964	0.037209302	0.013089005	0.03038674	0.027923211	0.030541012	0.033158813	0.033158813	0.233870968	0.02504817	0.028795812	0	0.022049287	0.03210576	0.029487179	0.019333333	0.025641026	0.030128205	0.028846154	0.031410256	0.235923022	0.003891051	0.022408964	0.022049287	0	0.023346304	0.018158236	0.015564202	0.019455253	0.02075227	0.02075227	0.02075227	0.21875	0.025495751	0.037209302	0.03210576	0.023346304	0	0.03210576	0.033143939	0.010387158	0.007554297	0.013220019	0.03210576	0.25	0.012202954	0.013089005	0.029487179	0.018158236	0.03210576	0	0.026	0.026923077	0.030128205	0.030769231	0.029487179	0.23663578	0.022666667	0.03038674	0.019333333	0.015564202	0.033143939	0.026	0	0.028	0.030666667	0.032666667	0.034	0.237857143	0.022479127	0.027923211	0.025641026	0.019455253	0.010387158	0.026923077	0.028	0	0.008333333	0.008333333	0.026923077	0.234497505	0.02569043	0.030541012	0.030128205	0.02075227	0.007554297	0.030128205	0.030666667	0.008333333	0	0.01025641	0.031410256	0.23663578	0.026332691	0.033158813	0.028846154	0.02075227	0.013220019	0.030769231	0.032666667	0.008333333	0.01025641	0	0.031410256	0.234497505	0.027617213	0.033158813	0.031410256	0.02075227	0.03210576	0.029487179	0.034	0.026923077	0.031410256	0.031410256	0	0.234497505	0.233784747	0.233870968	0.235923022	0.21875	0.25	0.23663578	0.237857143	0.234497505	0.23663578	0.234497505	0.234497505	00	0.018237082	0.025522042	0.00753012	0.031366692	0.011337868	0.027842227	0.031296572	0.036676647	0.031296572	0.036349575	0.046827795	0.018237082	0	0.027842227	0.018223235	0.033409263	0.01443769	0.030162413	0.032649962	0.039483675	0.033409263	0.03866976	0.044649731	0.025522042	0.027842227	0	0.025522042	0.027842227	0.022428461	0.012374323	0.022428461	0.027842227	0.024748647	0.031709203	0.036862745	0.00753012	0.018223235	0.025522042	0	0.030097818	0.009826153	0.027842227	0.031602709	0.034612491	0.030097818	0.036349575	0.045003814	0.031366692	0.033409263	0.027842227	0.030097818	0	0.027966742	0.027842227	0.025887574	0.020756116	0.013313609	0.031709203	0.046476762	0.011337868	0.01443769	0.022428461	0.009826153	0.027966742	0	0.024748647	0.029478458	0.031746032	0.027966742	0.034802784	0.043678161	0