0	0.0133333333333333	0.0228571428571429	0.0125714285714286	0.0243809523809524	0.0102857142857143	0.0186666666666667	0.0217142857142857	0.0236190476190476	0.020952380952381	0.0278095238095238	0.0297142857142857	0.0133333333333333	0	0.0236190476190476	0.016	0.0251428571428571	0.00761904761904762	0.0179047619047619	0.0228571428571429	0.0228571428571429	0.0224761904761905	0.0278095238095238	0.0304761904761905	0.0228571428571429	0.0236190476190476	0	0.0232380952380952	0.0232380952380952	0.0213333333333333	0.0163809523809524	0.0205714285714286	0.0213333333333333	0.0194285714285714	0.0281904761904762	0.028952380952381	0.0125714285714286	0.016	0.0232380952380952	0	0.0236190476190476	0.0125714285714286	0.0144761904761905	0.0194285714285714	0.0217142857142857	0.0194285714285714	0.0278095238095238	0.0285714285714286	0.0243809523809524	0.0251428571428571	0.0232380952380952	0.0236190476190476	0	0.0217142857142857	0.024	0.0121904761904762	0.011047619047619	0.0121904761904762	0.0293333333333333	0.0304761904761905	0.0102857142857143	0.00761904761904762	0.0213333333333333	0.0125714285714286	0.0217142857142857	0	0.016	0.019047619047619	0.0194285714285714	0.019047619047619	0.0255238095238095	0.0266666666666667	0.0186666666666667	0.0179047619047619	0.0163809523809524	0.0144761904761905	0.024	0.016	0	0.0194285714285714	0.0205714285714286	0.0194285714285714	0.0278095238095238	0.0278095238095238	0.0217142857142857	0.0228571428571429	0.0205714285714286	0.0194285714285714	0.0121904761904762	0.019047619047619	0.0194285714285714	0	0.00952380952380952	0.008	0.0259047619047619	0.027047619047619	0.0236190476190476	0.0228571428571429	0.0213333333333333	0.0217142857142857	0.011047619047619	0.0194285714285714	0.0205714285714286	0.00952380952380952	0	0.008	0.028952380952381	0.0281904761904762	0.020952380952381	0.0224761904761905	0.0194285714285714	0.0194285714285714	0.0121904761904762	0.019047619047619	0.0194285714285714	0.008	0.008	0	0.0274285714285714	0.0278095238095238	0.0278095238095238	0.0278095238095238	0.0281904761904762	0.0278095238095238	0.0293333333333333	0.0255238095238095	0.0278095238095238	0.0259047619047619	0.028952380952381	0.0274285714285714	0	0.0365714285714286	0.0297142857142857	0.0304761904761905	0.028952380952381	0.0285714285714286	0.0304761904761905	0.0266666666666667	0.0278095238095238	0.027047619047619	0.0281904761904762	0.0278095238095238	0.0365714285714286	0
0	0.0245398773006135	0.0479452054794521	0.0140056022408964	0.0965092402464066	0.0384615384615385	0.0268817204301075	0.0420168067226891	0.0847107438016529	0.0392156862745098	0.0559796437659033	0.0560224089635854	0.0245398773006135	0	0.0365296803652968	0.0112044817927171	0.0965092402464066	0.0333333333333333	0.0241935483870968	0.0392156862745098	0.0847107438016529	0.0420168067226891	0.0483460559796438	0.0532212885154062	0.0479452054794521	0.0365296803652968	0	0.0224089635854342	0.0410958904109589	0.0467532467532468	0.0378378378378378	0.0224089635854342	0.0365296803652968	0.0252100840336134	0.0483460559796438	0.0504201680672269	0.0140056022408964	0.0112044817927171	0.0224089635854342	0	0.0504201680672269	0.00280112044817927	0.0140056022408964	0.0336134453781513	0.0476190476190476	0.0364145658263305	0.0448179271708683	0.0476190476190476	0.0965092402464066	0.0965092402464066	0.0410958904109589	0.0504201680672269	0	0.077319587628866	0.0648648648648649	0.0224089635854342	0.0206611570247934	0.0252100840336134	0.0585241730279898	0.0644257703081232	0.0384615384615385	0.0333333333333333	0.0467532467532468	0.00280112044817927	0.077319587628866	0	0.0161290322580645	0.030812324929972	0.0675324675324675	0.0336134453781513	0.0675324675324675	0.0448179271708683	0.0268817204301075	0.0241935483870968	0.0378378378378378	0.0140056022408964	0.0648648648648649	0.0161290322580645	0	0.0476190476190476	0.0594594594594595	0.0504201680672269	0.0594594594594595	0.061624649859944	0.0420168067226891	0.0392156862745098	0.0224089635854342	0.0336134453781513	0.0224089635854342	0.030812324929972	0.0476190476190476	0	0.0140056022408964	0.00840336134453781	0.0448179271708683	0.0532212885154062	0.0847107438016529	0.0847107438016529	0.0365296803652968	0.0476190476190476	0.0206611570247934	0.0675324675324675	0.0594594594594595	0.0140056022408964	0	0.0168067226890756	0.0534351145038168	0.061624649859944	0.0392156862745098	0.0420168067226891	0.0252100840336134	0.0364145658263305	0.0252100840336134	0.0336134453781513	0.0504201680672269	0.00840336134453781	0.0168067226890756	0	0.0420168067226891	0.0504201680672269	0.0559796437659033	0.0483460559796438	0.0483460559796438	0.0448179271708683	0.0585241730279898	0.0675324675324675	0.0594594594594595	0.0448179271708683	0.0534351145038168	0.0420168067226891	0	0.0532212885154062	0.0560224089635854	0.0532212885154062	0.0504201680672269	0.0476190476190476	0.0644257703081232	0.0448179271708683	0.061624649859944	0.0532212885154062	0.061624649859944	0.0504201680672269	0.0532212885154062	0
0	0.0301754385964912	0.0313725490196078	0.0129449838187702	0.0399159663865546	0.0126050420168067	0.0178970917225951	0.0350140056022409	0.0425055928411633	0.0213333333333333	0.0410958904109589	0.0380517503805175	0.0301754385964912	0	0.0361635220125786	0.0194805194805195	0.0545073375262055	0.0258560447239693	0.0223713646532438	0.050314465408805	0.0469798657718121	0.016	0.0556826849733028	0.0511060259344012	0.0313725490196078	0.0361635220125786	0	0.0237324703344121	0.0235294117647059	0.032156862745098	0.0268456375838926	0.0196078431372549	0.0268456375838926	0.024	0.0339270568278202	0.0330788804071247	0.0129449838187702	0.0194805194805195	0.0237324703344121	0	0.0334412081984898	0.017259978425027	0.0156599552572707	0.0312837108953614	0.041025641025641	0.0213333333333333	0.0366774541531823	0.0377562028047465	0.0399159663865546	0.0545073375262055	0.0235294117647059	0.0334412081984898	0	0.0404463040446304	0.0268456375838926	0.0132496513249651	0.00223713646532438	0.0186666666666667	0.0395738203957382	0.0395738203957382	0.0126050420168067	0.0258560447239693	0.032156862745098	0.017259978425027	0.0404463040446304	0	0.0201342281879195	0.0355648535564854	0.0447427293064877	0.0213333333333333	0.0418569254185693	0.0395738203957382	0.0178970917225951	0.0223713646532438	0.0268456375838926	0.0156599552572707	0.0268456375838926	0.0201342281879195	0	0.029082774049217	NA	0.025	0.0357941834451902	0.0313199105145414	0.0350140056022409	0.050314465408805	0.0196078431372549	0.0312837108953614	0.0132496513249651	0.0355648535564854	0.029082774049217	0	0.00671140939597315	0.032	0.0342465753424658	0.0327245053272451	0.0425055928411633	0.0469798657718121	0.0268456375838926	0.041025641025641	0.00223713646532438	0.0447427293064877	NA	0.00671140939597315	0	NA	0.0307692307692308	0.0282051282051282	0.0213333333333333	0.016	0.024	0.0213333333333333	0.0186666666666667	0.0213333333333333	0.025	0.032	NA	0	0.0293333333333333	0.032	0.0410958904109589	0.0556826849733028	0.0339270568278202	0.0366774541531823	0.0395738203957382	0.0418569254185693	0.0357941834451902	0.0342465753424658	0.0307692307692308	0.0293333333333333	0	0.0357686453576865	0.0380517503805175	0.0511060259344012	0.0330788804071247	0.0377562028047465	0.0395738203957382	0.0395738203957382	0.0313199105145414	0.0327245053272451	0.0282051282051282	0.032	0.0357686453576865	0
0	0.0229007633587786	0.0279898218829517	0.00763358778625954	0.0330788804071247	0.00763358778625954	0.0229007633587786	0.0305343511450382	0.0381679389312977	0.0435897435897436	0.0407124681933842	0.0279898218829517	0.0229007633587786	0	0.0458015267175573	0.0254452926208651	0.0508905852417303	0.0254452926208651	0.0356234096692112	0.0483460559796438	0.0559796437659033	0.0615384615384615	0.0508905852417303	0.0458015267175573	0.0279898218829517	0.0458015267175573	0	0.0305343511450382	0.0254452926208651	0.0254452926208651	0.0101781170483461	0.0279898218829517	0.0305343511450382	0.041025641025641	0.0381679389312977	0.0330788804071247	0.00763358778625954	0.0254452926208651	0.0305343511450382	0	0.0356234096692112	0.0101781170483461	0.0254452926208651	0.0330788804071247	0.0407124681933842	0.0461538461538462	0.0432569974554707	0.0305343511450382	0.0330788804071247	0.0508905852417303	0.0254452926208651	0.0356234096692112	0	0.0356234096692112	0.0305343511450382	0.0101781170483461	0.00508905852417303	0.0230769230769231	0.0458015267175573	0.0330788804071247	0.00763358778625954	0.0254452926208651	0.0254452926208651	0.0101781170483461	0.0356234096692112	0	0.0254452926208651	0.0330788804071247	0.0407124681933842	0.0461538461538462	0.0432569974554707	0.0305343511450382	0.0229007633587786	0.0356234096692112	0.0101781170483461	0.0254452926208651	0.0305343511450382	0.0254452926208651	0	0.0279898218829517	0.0356234096692112	0.041025641025641	0.0330788804071247	0.0305343511450382	0.0305343511450382	0.0483460559796438	0.0279898218829517	0.0330788804071247	0.0101781170483461	0.0330788804071247	0.0279898218829517	0	0.0152671755725191	0.0179487179487179	0.0407124681933842	0.0279898218829517	0.0381679389312977	0.0559796437659033	0.0305343511450382	0.0407124681933842	0.00508905852417303	0.0407124681933842	0.0356234096692112	0.0152671755725191	0	0.0282051282051282	0.0508905852417303	0.0381679389312977	0.0435897435897436	0.0615384615384615	0.041025641025641	0.0461538461538462	0.0230769230769231	0.0461538461538462	0.041025641025641	0.0179487179487179	0.0282051282051282	0	0.0538461538461538	0.041025641025641	0.0407124681933842	0.0508905852417303	0.0381679389312977	0.0432569974554707	0.0458015267175573	0.0432569974554707	0.0330788804071247	0.0407124681933842	0.0508905852417303	0.0538461538461538	0	0.0483460559796438	0.0279898218829517	0.0458015267175573	0.0330788804071247	0.0305343511450382	0.0330788804071247	0.0305343511450382	0.0305343511450382	0.0279898218829517	0.0381679389312977	0.041025641025641	0.0483460559796438	0
0	0.0147329650092081	0.0331491712707182	0.0220994475138122	0.0386740331491713	0.0110497237569061	0.0294659300184162	0.0331491712707182	0.0455635491606715	0.0331491712707182	0.0460405156537753	0.0515653775322284	0.0147329650092081	0	0.0257826887661142	0.0220994475138122	0.0313075506445672	0.0110497237569061	0.0257826887661142	0.0257826887661142	0.0359712230215827	0.0276243093922652	0.0405156537753223	0.0497237569060773	0.0331491712707182	0.0257826887661142	0	0.0257826887661142	0.00920810313075507	0.0294659300184162	0.0220994475138122	0	0.0119904076738609	0.0110497237569061	0.0313075506445672	0.0349907918968692	0.0220994475138122	0.0220994475138122	0.0257826887661142	0	0.0313075506445672	0.0220994475138122	0.00736648250460405	0.0257826887661142	0.0359712230215827	0.0239410681399632	0.0349907918968692	0.0423572744014733	0.0386740331491713	0.0313075506445672	0.00920810313075507	0.0313075506445672	0	0.0349907918968692	0.0276243093922652	0.00920810313075507	0.00479616306954436	0.0165745856353591	0.0331491712707182	0.0405156537753223	0.0110497237569061	0.0110497237569061	0.0294659300184162	0.0220994475138122	0.0349907918968692	0	0.0257826887661142	0.0294659300184162	0.0407673860911271	0.0294659300184162	0.0423572744014733	0.0497237569060773	0.0294659300184162	0.0257826887661142	0.0220994475138122	0.00736648250460405	0.0276243093922652	0.0257826887661142	0	0.0220994475138122	0.0359712230215827	0.0239410681399632	0.0349907918968692	0.0460405156537753	0.0331491712707182	0.0257826887661142	0	0.0257826887661142	0.00920810313075507	0.0294659300184162	0.0220994475138122	0	0.0119904076738609	0.0110497237569061	0.0313075506445672	0.0349907918968692	0.0455635491606715	0.0359712230215827	0.0119904076738609	0.0359712230215827	0.00479616306954436	0.0407673860911271	0.0359712230215827	0.0119904076738609	0	0.0215827338129496	0.0335731414868106	0.0383693045563549	0.0331491712707182	0.0276243093922652	0.0110497237569061	0.0239410681399632	0.0165745856353591	0.0294659300184162	0.0239410681399632	0.0110497237569061	0.0215827338129496	0	0.0257826887661142	0.0349907918968692	0.0460405156537753	0.0405156537753223	0.0313075506445672	0.0349907918968692	0.0331491712707182	0.0423572744014733	0.0349907918968692	0.0313075506445672	0.0335731414868106	0.0257826887661142	0	0.0497237569060773	0.0515653775322284	0.0497237569060773	0.0349907918968692	0.0423572744014733	0.0405156537753223	0.0497237569060773	0.0460405156537753	0.0349907918968692	0.0383693045563549	0.0349907918968692	0.0497237569060773	0
0	0.0110759493670886	0.0393700787401575	0.0199475065616798	0.0383202099737533	0.0115485564304462	0.0287539936102236	0.036745406824147	0.0419047619047619	0.0362204724409449	0.0393700787401575	0.0420609884332282	0.0110759493670886	0	0.0369198312236287	0.0237341772151899	0.0379746835443038	0.0131856540084388	0.0303514376996805	0.0363924050632911	0.041507024265645	0.0358649789029536	0.0395569620253165	0.0427892234548336	0.0393700787401575	0.0369198312236287	0	0.0393700787401575	0.0152230971128609	0.0393700787401575	0.0314164004259851	0.015748031496063	0.0171428571428571	0.0173228346456693	0.0309711286089239	0.0336487907465825	0.0199475065616798	0.0237341772151899	0.0393700787401575	0	0.0372703412073491	0.0220472440944882	0.0154419595314164	0.0356955380577428	0.0368253968253968	0.0362204724409449	0.0388451443569554	0.0425867507886435	0.0383202099737533	0.0379746835443038	0.0152230971128609	0.0372703412073491	0	0.0383202099737533	0.0372736954206603	0.0089238845144357	0.00507936507936508	0.0115485564304462	0.0299212598425197	0.0347003154574132	0.0115485564304462	0.0131856540084388	0.0393700787401575	0.0220472440944882	0.0383202099737533	0	0.0287539936102236	0.036745406824147	0.0425396825396825	0.0362204724409449	0.0393700787401575	0.0425867507886435	0.0287539936102236	0.0303514376996805	0.0314164004259851	0.0154419595314164	0.0372736954206603	0.0287539936102236	0	0.0351437699680511	0.0387596899224806	0.0356762513312034	0.0394036208732694	0.0437333333333333	0.036745406824147	0.0363924050632911	0.015748031496063	0.0356955380577428	0.0089238845144357	0.036745406824147	0.0351437699680511	0	0.0107936507936508	0.00997375328083989	0.0283464566929134	0.0320715036803365	0.0419047619047619	0.041507024265645	0.0171428571428571	0.0368253968253968	0.00507936507936508	0.0425396825396825	0.0387596899224806	0.0107936507936508	0	0.013968253968254	0.0304761904761905	0.0361904761904762	0.0362204724409449	0.0358649789029536	0.0173228346456693	0.0362204724409449	0.0115485564304462	0.0362204724409449	0.0356762513312034	0.00997375328083989	0.013968253968254	0	0.0278215223097113	0.0325972660357518	0.0393700787401575	0.0395569620253165	0.0309711286089239	0.0388451443569554	0.0299212598425197	0.0393700787401575	0.0394036208732694	0.0283464566929134	0.0304761904761905	0.0278215223097113	0	0.035751840168244	0.0420609884332282	0.0427892234548336	0.0336487907465825	0.0425867507886435	0.0347003154574132	0.0425867507886435	0.0437333333333333	0.0320715036803365	0.0361904761904762	0.0325972660357518	0.035751840168244	0
0	0.0142517814726841	0.0307564422277639	0.0104166666666667	0.0333333333333333	0.0166270783847981	0.0285035629453682	0.0350039777247414	0.0364212193190816	0.0396825396825397	0.0343434343434343	0.0372129849564529	0.0142517814726841	0	0.0266001662510391	0.0125	0.0333333333333333	0.0118764845605701	0.0253365003958828	0.0326173428798727	0.0356294536817102	0.0365079365079365	0.0282828282828283	0.0332541567695962	0.0307564422277639	0.0266001662510391	0	0.0333333333333333	0.0196969696969697	0.029925187032419	0.027431421446384	0.0157154673283706	0.0190239867659222	0.0240464344941957	0.0262626262626263	0.0256410256410256	0.0104166666666667	0.0125	0.0333333333333333	0	0.0425531914893617	0.0145833333333333	0.0291666666666667	0.0322916666666667	0.0385416666666667	0.038662486938349	0.0282828282828283	0.0322916666666667	0.0333333333333333	0.0333333333333333	0.0196969696969697	0.0425531914893617	0	0.0348484848484849	0.0378787878787879	0.00454545454545455	0.00303030303030303	0.0121212121212121	0.0101010101010101	0.0272727272727273	0.0166270783847981	0.0118764845605701	0.029925187032419	0.0145833333333333	0.0348484848484849	0	0.0277117973079968	0.0334128878281623	0.0364212193190816	0.0373015873015873	0.0262626262626263	0.0340459224069675	0.0285035629453682	0.0253365003958828	0.027431421446384	0.0291666666666667	0.0378787878787879	0.0277117973079968	0	0.0365950676213206	0.0380047505938242	0.0404761904761905	0.0303030303030303	0.0380047505938242	0.0350039777247414	0.0326173428798727	0.0157154673283706	0.0322916666666667	0.00454545454545455	0.0334128878281623	0.0365950676213206	0	0.00791765637371338	0.0142857142857143	0.0202020202020202	0.0292953285827395	0.0364212193190816	0.0356294536817102	0.0190239867659222	0.0385416666666667	0.00303030303030303	0.0364212193190816	0.0380047505938242	0.00791765637371338	0	0.0173775671406003	0.0282828282828283	0.0323089046493302	0.0396825396825397	0.0365079365079365	0.0240464344941957	0.038662486938349	0.0121212121212121	0.0373015873015873	0.0404761904761905	0.0142857142857143	0.0173775671406003	0	0.0264227642276423	0.033175355450237	0.0343434343434343	0.0282828282828283	0.0262626262626263	0.0282828282828283	0.0101010101010101	0.0262626262626263	0.0303030303030303	0.0202020202020202	0.0282828282828283	0.0264227642276423	0	0.0222222222222222	0.0372129849564529	0.0332541567695962	0.0256410256410256	0.0322916666666667	0.0272727272727273	0.0340459224069675	0.0380047505938242	0.0292953285827395	0.0323089046493302	0.033175355450237	0.0222222222222222	0
0	0.00980392156862745	0.0267379679144385	0.0115864527629234	0.0267379679144385	0.0089126559714795	0.0204991087344029	0.0276292335115865	0.0258467023172906	0.0294117647058824	0.0311942959001783	0.031277926720286	0.00980392156862745	0	0.0311111111111111	0.016	0.0311111111111111	0.0115555555555556	0.0275555555555556	0.032	0.0302222222222222	0.032	0.0373333333333333	0.0374331550802139	0.0267379679144385	0.0311111111111111	0	0.0248888888888889	0.0275555555555556	0.0302222222222222	0.0133333333333333	0.0266666666666667	0.0266666666666667	0.0284444444444444	0.032	0.0338680926916221	0.0115864527629234	0.016	0.0248888888888889	0	0.0248888888888889	0.0168888888888889	0.0186666666666667	0.0257777777777778	0.024	0.0275555555555556	0.0275555555555556	0.0294117647058824	0.0267379679144385	0.0311111111111111	0.0275555555555556	0.0248888888888889	0	0.032	0.0275555555555556	0.0115555555555556	0.00977777777777778	0.0204444444444444	0.0275555555555556	0.0294117647058824	0.0089126559714795	0.0115555555555556	0.0302222222222222	0.0168888888888889	0.032	0	0.0266666666666667	0.0328888888888889	0.0293333333333333	0.0328888888888889	0.0364444444444444	0.035650623885918	0.0204991087344029	0.0275555555555556	0.0133333333333333	0.0186666666666667	0.0275555555555556	0.0266666666666667	0	0.0266666666666667	0.0248888888888889	0.0284444444444444	0.032	0.0311942959001783	0.0276292335115865	0.032	0.0266666666666667	0.0257777777777778	0.0115555555555556	0.0328888888888889	0.0266666666666667	0	0.016	0.0195555555555556	0.0284444444444444	0.0320855614973262	0.0258467023172906	0.0302222222222222	0.0266666666666667	0.024	0.00977777777777778	0.0293333333333333	0.0248888888888889	0.016	0	0.016	0.0284444444444444	0.0303030303030303	0.0294117647058824	0.032	0.0284444444444444	0.0275555555555556	0.0204444444444444	0.0328888888888889	0.0284444444444444	0.0195555555555556	0.016	0	0.0302222222222222	0.0338680926916221	0.0311942959001783	0.0373333333333333	0.032	0.0275555555555556	0.0275555555555556	0.0364444444444444	0.032	0.0284444444444444	0.0284444444444444	0.0302222222222222	0	0.0338680926916221	0.031277926720286	0.0374331550802139	0.0338680926916221	0.0294117647058824	0.0294117647058824	0.035650623885918	0.0311942959001783	0.0320855614973262	0.0303030303030303	0.0338680926916221	0.0338680926916221	0
0	0.0138292799237005	0.0314735336194564	0.0101892285298399	0.0367191225560324	0.0123986647591798	0.0205054840247973	0.0343347639484979	0.0357653791130186	0.0319504053409633	0.0376728659990463	0.0357653791130186	0.0138292799237005	0	0.0305197901764425	0.0174672489082969	0.0371959942775393	0.0119217930376729	0.0209823557463042	0.0357653791130186	0.0362422508345255	0.0324272770624702	0.0367191225560324	0.0352885073915117	0.0314735336194564	0.0305197901764425	0	0.0320232896652111	0.0147830233667144	0.0305197901764425	0.0295660467334287	0.0133524082021936	0.0128755364806867	0.011444921316166	0.0314735336194564	0.033381020505484	0.0101892285298399	0.0174672489082969	0.0320232896652111	0	0.0393013100436681	0.0167394468704512	0.0167394468704512	0.0363901018922853	0.0407569141193595	0.0312954876273654	0.0349344978165939	0.0378457059679767	0.0367191225560324	0.0371959942775393	0.0147830233667144	0.0393013100436681	0	0.0348116356700048	0.0362422508345255	0.0195517405817835	0.00858369098712446	0.0176442536957558	0.0367191225560324	0.0381497377205532	0.0123986647591798	0.0119217930376729	0.0305197901764425	0.0167394468704512	0.0348116356700048	0	0.0209823557463042	0.0343347639484979	0.0348116356700048	0.0309966618979495	0.0367191225560324	0.0348116356700048	0.0205054840247973	0.0209823557463042	0.0295660467334287	0.0167394468704512	0.0362422508345255	0.0209823557463042	0	0.0343347639484979	0.0352885073915117	0.0329041487839771	0.0371959942775393	0.0348116356700048	0.0343347639484979	0.0357653791130186	0.0133524082021936	0.0363901018922853	0.0195517405817835	0.0343347639484979	0.0343347639484979	0	0.0176442536957558	0.0133524082021936	0.0367191225560324	0.039103481163567	0.0357653791130186	0.0362422508345255	0.0128755364806867	0.0407569141193595	0.00858369098712446	0.0348116356700048	0.0352885073915117	0.0176442536957558	0	0.0157367668097282	0.0376728659990463	0.0381497377205532	0.0319504053409633	0.0324272770624702	0.011444921316166	0.0312954876273654	0.0176442536957558	0.0309966618979495	0.0329041487839771	0.0133524082021936	0.0157367668097282	0	0.0343347639484979	0.0371959942775393	0.0376728659990463	0.0367191225560324	0.0314735336194564	0.0349344978165939	0.0367191225560324	0.0367191225560324	0.0371959942775393	0.0367191225560324	0.0376728659990463	0.0343347639484979	0	0.0352885073915117	0.0357653791130186	0.0352885073915117	0.033381020505484	0.0378457059679767	0.0381497377205532	0.0348116356700048	0.0348116356700048	0.039103481163567	0.0381497377205532	0.0371959942775393	0.0352885073915117	0
0	0.0145658263305322	0.0329424902289224	0.00560897435897436	0.0368509212730318	0.0156337241764377	0.0279173646007817	0.0351758793969849	0.0357342266890006	0.0362925739810162	0.0374092685650475	0.0441094360692351	0.0145658263305322	0	0.0319327731092437	0.0144927536231884	0.0364145658263305	0.0128851540616246	0.026890756302521	0.0336134453781513	0.0352941176470588	0.0358543417366947	0.0364145658263305	0.0425770308123249	0.0329424902289224	0.0319327731092437	0	0.032051282051282	0.0195421552205472	0.033500837520938	0.0256839754327191	0.0145170295924065	0.0184254606365159	0.0195421552205472	0.0357342266890006	0.0379676158570631	0.00560897435897436	0.0144927536231884	0.032051282051282	0	0.0368589743589744	0.015224358974359	0.0240384615384615	0.0344551282051282	0.0368589743589744	0.0336538461538462	0.0304487179487179	0.0408653846153846	0.0368509212730318	0.0364145658263305	0.0195421552205472	0.0368589743589744	0	0.0368509212730318	0.0323841429369068	0.010608598548297	0.0033500837520938	0.0134003350083752	0.0385259631490787	0.0418760469011725	0.0156337241764377	0.0128851540616246	0.033500837520938	0.015224358974359	0.0368509212730318	0	0.0273590173087661	0.0357342266890006	0.0357342266890006	0.0368509212730318	0.03964265773311	0.0424343941931882	0.0279173646007817	0.026890756302521	0.0256839754327191	0.0240384615384615	0.0323841429369068	0.0273590173087661	0	0.0307091010608599	0.0312674483528755	0.0307091010608599	0.0340591848129537	0.0374092685650475	0.0351758793969849	0.0336134453781513	0.0145170295924065	0.0344551282051282	0.010608598548297	0.0357342266890006	0.0307091010608599	0	0.00949190396426577	0.010608598548297	0.0357342266890006	0.0407593523171413	0.0357342266890006	0.0352941176470588	0.0184254606365159	0.0368589743589744	0.0033500837520938	0.0357342266890006	0.0312674483528755	0.00949190396426577	0	0.0122836404243439	0.0362925739810162	0.0413176996091569	0.0362925739810162	0.0358543417366947	0.0195421552205472	0.0336538461538462	0.0134003350083752	0.0368509212730318	0.0307091010608599	0.010608598548297	0.0122836404243439	0	0.0379676158570631	0.0407593523171413	0.0374092685650475	0.0364145658263305	0.0357342266890006	0.0304487179487179	0.0385259631490787	0.03964265773311	0.0340591848129537	0.0357342266890006	0.0362925739810162	0.0379676158570631	0	0.0424343941931882	0.0441094360692351	0.0425770308123249	0.0379676158570631	0.0408653846153846	0.0418760469011725	0.0424343941931882	0.0374092685650475	0.0407593523171413	0.0413176996091569	0.0407593523171413	0.0424343941931882	0
0	0.0159529806884971	0.0421940928270042	0.0209907640638119	0.0421940928270042	0.0184718723761545	0.0293870696893367	0.0371308016877637	0.0455696202531646	0.0371308016877637	0.039662447257384	0.049789029535865	0.0159529806884971	0	0.0379746835443038	0.0251889168765743	0.039662447257384	0.0109151973131822	0.0251889168765743	0.0345991561181435	0.0413502109704641	0.0329113924050633	0.0379746835443038	0.0472573839662447	0.0421940928270042	0.0379746835443038	0	0.039662447257384	0.0235096557514694	0.0388185654008439	0.0345991561181435	0.0184718723761545	0.0268681780016793	0.0184718723761545	0.039662447257384	0.0472573839662447	0.0209907640638119	0.0251889168765743	0.039662447257384	0	0.0413502109704641	0.0277078085642317	0.0218303946263644	0.0345991561181435	0.0413502109704641	0.0345991561181435	0.0379746835443038	0.049789029535865	0.0421940928270042	0.039662447257384	0.0235096557514694	0.0413502109704641	0	0.0413502109704641	0.0345991561181435	0.0134340890008396	0.00839630562552477	0.0184718723761545	0.0379746835443038	0.0472573839662447	0.0184718723761545	0.0109151973131822	0.0388185654008439	0.0277078085642317	0.0413502109704641	0	0.0277078085642317	0.0362869198312236	0.0430379746835443	0.0345991561181435	0.039662447257384	0.0472573839662447	0.0293870696893367	0.0251889168765743	0.0345991561181435	0.0218303946263644	0.0345991561181435	0.0277078085642317	0	0.0312236286919831	0.0337552742616034	0.029535864978903	0.0354430379746835	0.0438818565400844	0.0371308016877637	0.0345991561181435	0.0184718723761545	0.0345991561181435	0.0134340890008396	0.0362869198312236	0.0312236286919831	0	0.0167926112510495	0.0134340890008396	0.0329113924050633	0.0430379746835443	0.0455696202531646	0.0413502109704641	0.0268681780016793	0.0413502109704641	0.00839630562552477	0.0430379746835443	0.0337552742616034	0.0167926112510495	0	0.0201511335012594	0.039662447257384	0.0489451476793249	0.0371308016877637	0.0329113924050633	0.0184718723761545	0.0345991561181435	0.0184718723761545	0.0345991561181435	0.029535864978903	0.0134340890008396	0.0201511335012594	0	0.0312236286919831	0.0413502109704641	0.039662447257384	0.0379746835443038	0.039662447257384	0.0379746835443038	0.0379746835443038	0.039662447257384	0.0354430379746835	0.0329113924050633	0.039662447257384	0.0312236286919831	0	0.039662447257384	0.049789029535865	0.0472573839662447	0.0472573839662447	0.049789029535865	0.0472573839662447	0.0472573839662447	0.0438818565400844	0.0430379746835443	0.0489451476793249	0.0413502109704641	0.039662447257384	0
0	0.0097323600973236	0.0194552529182879	0.00742574257425743	0.0248138957816377	0.0120772946859903	0.0227642276422764	0.03173311635476	0.0239931448157669	0.0213991769547325	0.0376904570970329	0.0622977346278317	0.0097323600973236	0	0.0246433203631647	0.0132013201320132	0.0281224152191894	0.0121654501216545	0.0227642276422764	0.0311220311220311	0.0282776349614396	0.0230452674897119	0.0373073803730738	0.0564648117839607	0.0194552529182879	0.0246433203631647	0	0.0272373540856031	0.0181582360570687	0.0259403372243839	0.0337224383916991	0.0207522697795071	0.0194552529182879	0.0168612191958495	0.0376134889753567	0.0376134889753567	0.00742574257425743	0.0132013201320132	0.0272373540856031	0	0.0307564422277639	0.0148514851485149	0.0173267326732673	0.0365752285951787	0.0299914310197087	0.027431421446384	0.0371287128712871	0.0507910074937552	0.0248138957816377	0.0281224152191894	0.0181582360570687	0.0307564422277639	0	0.0297766749379653	0.033085194375517	0.021505376344086	0.00599828620394173	0.0148883374689826	0.0421836228287841	0.0509181969949917	0.0120772946859903	0.0121654501216545	0.0259403372243839	0.0148514851485149	0.0297766749379653	0	0.0252032520325203	0.0294117647058824	0.0282776349614396	0.0246913580246914	0.0394524959742351	0.0601137286758733	0.0227642276422764	0.0227642276422764	0.0337224383916991	0.0173267326732673	0.033085194375517	0.0252032520325203	0	0.0384930384930385	0.0359897172236504	0.0279835390946502	0.0390243902439024	0.0623461853978671	0.03173311635476	0.0311220311220311	0.0207522697795071	0.0365752285951787	0.021505376344086	0.0294117647058824	0.0384930384930385	0	0.0222793487574979	0.0164609053497942	0.0439381611065907	0.0632183908045977	0.0239931448157669	0.0282776349614396	0.0194552529182879	0.0299914310197087	0.00599828620394173	0.0282776349614396	0.0359897172236504	0.0222793487574979	0	0.0171379605826907	0.0428449014567266	0.0419880034275921	0.0213991769547325	0.0230452674897119	0.0168612191958495	0.027431421446384	0.0148883374689826	0.0246913580246914	0.0279835390946502	0.0164609053497942	0.0171379605826907	0	0.0353909465020576	0.0514950166112957	0.0376904570970329	0.0373073803730738	0.0376134889753567	0.0371287128712871	0.0421836228287841	0.0394524959742351	0.0390243902439024	0.0439381611065907	0.0428449014567266	0.0353909465020576	0	0.06957928802589	0.0622977346278317	0.0564648117839607	0.0376134889753567	0.0507910074937552	0.0509181969949917	0.0601137286758733	0.0623461853978671	0.0632183908045977	0.0419880034275921	0.0514950166112957	0.06957928802589	0
0	0.00803212851405622	0.0291164658634538	0.0190763052208835	0.0210843373493976	0.00502008032128514	0.0261044176706827	0.0190763052208835	0.0200803212851406	0.0170682730923695	0.0243204577968526	0.0381526104417671	0.00803212851405622	0	0.0321285140562249	0.0200803212851406	0.0240963855421687	0.00903614457831325	0.0291164658634538	0.0220883534136546	0.0230923694779116	0.0200803212851406	0.0243204577968526	0.0431726907630522	0.0291164658634538	0.0321285140562249	0	0.0331325301204819	0.0230923694779116	0.0301204819277108	0.0150602409638554	0.0170682730923695	0.0200803212851406	0.0210843373493976	0.0300429184549356	0.03714859437751	0.0190763052208835	0.0200803212851406	0.0331325301204819	0	0.0251004016064257	0.0200803212851406	0.0301204819277108	0.0251004016064257	0.0240963855421687	0.0230923694779116	0.0243204577968526	0.0441767068273092	0.0210843373493976	0.0240963855421687	0.0230923694779116	0.0251004016064257	0	0.0220883534136546	0.0261044176706827	0.0140562248995984	0.00301204819277108	0.0100401606425703	0.0243204577968526	0.0381526104417671	0.00502008032128514	0.00903614457831325	0.0301204819277108	0.0200803212851406	0.0220883534136546	0	0.0271084337349398	0.0200803212851406	0.0210843373493976	0.0180722891566265	0.0271816881258941	0.0411646586345382	0.0261044176706827	0.0291164658634538	0.0150602409638554	0.0301204819277108	0.0261044176706827	0.0271084337349398	0	0.0281124497991968	0.0251004016064257	0.0261044176706827	0.0257510729613734	0.0381526104417671	0.0190763052208835	0.0220883534136546	0.0170682730923695	0.0251004016064257	0.0140562248995984	0.0200803212851406	0.0281124497991968	0	0.0110441767068273	0.00803212851405622	0.0243204577968526	0.0381526104417671	0.0200803212851406	0.0230923694779116	0.0200803212851406	0.0240963855421687	0.00301204819277108	0.0210843373493976	0.0251004016064257	0.0110441767068273	0	0.0070281124497992	0.0228898426323319	0.03714859437751	0.0170682730923695	0.0200803212851406	0.0210843373493976	0.0230923694779116	0.0100401606425703	0.0180722891566265	0.0261044176706827	0.00803212851405622	0.0070281124497992	0	0.0243204577968526	0.036144578313253	0.0243204577968526	0.0243204577968526	0.0300429184549356	0.0243204577968526	0.0243204577968526	0.0271816881258941	0.0257510729613734	0.0243204577968526	0.0228898426323319	0.0243204577968526	0	0.0472103004291846	0.0381526104417671	0.0431726907630522	0.03714859437751	0.0441767068273092	0.0381526104417671	0.0411646586345382	0.0381526104417671	0.0381526104417671	0.03714859437751	0.036144578313253	0.0472103004291846	0
0	0.0136363636363636	0.0265151515151515	0.00378787878787879	0.0288534548215642	0.00833333333333333	0.00909090909090909	0.0303720577069096	0.0296127562642369	0.0273972602739726	0.0333333333333333	0.0402429764616553	0.0136363636363636	0	0.025	0.0128787878787879	0.0311313591495824	0.0128787878787879	0.0121212121212121	0.0318906605922551	0.0318906605922551	0.0289193302891933	0.0348484848484849	0.0425208807896735	0.0265151515151515	0.025	0	0.0248868778280543	0.0133333333333333	0.0256991685563114	0.0284090909090909	0.0154711673699015	0.0161516853932584	0.0219391365888181	0.0331825037707391	0.0438397581254724	0.00378787878787879	0.0128787878787879	0.0248868778280543	0	0.0272108843537415	0.00755857898715042	0.00831443688586546	0.0287878787878788	0.0279667422524565	0.0257575757575758	0.0316742081447964	0.0393046107331822	0.0288534548215642	0.0311313591495824	0.0133333333333333	0.0272108843537415	0	0.0265151515151515	0.0320284697508897	0.0189340813464236	0.00280112044817927	0.0205091937765205	0.0347694633408919	0.0454545454545455	0.00833333333333333	0.0128787878787879	0.0256991685563114	0.00755857898715042	0.0265151515151515	0	0.00982615268329554	0.0295454545454545	0.0272727272727273	0.0258162490508732	0.0309901738473167	0.0386363636363636	0.00909090909090909	0.0121212121212121	0.0284090909090909	0.00831443688586546	0.0320284697508897	0.00982615268329554	0	0.0334519572953737	0.0334519572953737	0.0294328786791098	0.0317460317460317	0.0386363636363636	0.0303720577069096	0.0318906605922551	0.0154711673699015	0.0287878787878788	0.0189340813464236	0.0295454545454545	0.0334519572953737	0	0.0217543859649123	0.0262225372076541	0.0371212121212121	0.0470766894457099	0.0296127562642369	0.0318906605922551	0.0161516853932584	0.0279667422524565	0.00280112044817927	0.0272727272727273	0.0334519572953737	0.0217543859649123	0	0.0226468506723284	0.035525321239607	0.0462121212121212	0.0273972602739726	0.0289193302891933	0.0219391365888181	0.0257575757575758	0.0205091937765205	0.0258162490508732	0.0294328786791098	0.0262225372076541	0.0226468506723284	0	0.0348484848484849	0.0455580865603645	0.0333333333333333	0.0348484848484849	0.0331825037707391	0.0316742081447964	0.0347694633408919	0.0309901738473167	0.0317460317460317	0.0371212121212121	0.035525321239607	0.0348484848484849	0	0.0453514739229025	0.0402429764616553	0.0425208807896735	0.0438397581254724	0.0393046107331822	0.0454545454545455	0.0386363636363636	0.0386363636363636	0.0470766894457099	0.0462121212121212	0.0455580865603645	0.0453514739229025	0
0	0.00925925925925926	0.0245726495726496	0.0115740740740741	0.0281084656084656	0.015542328042328	0.0205026455026455	0.0277777777777778	0.0287698412698413	0.0277777777777778	0.0296074517631404	0.0400927766732936	0.00925925925925926	0	0.0240384615384615	0.0135582010582011	0.0274470899470899	0.0132275132275132	0.0205026455026455	0.0271164021164021	0.0281084656084656	0.0271164021164021	0.0289421157684631	0.0390987408880053	0.0245726495726496	0.0240384615384615	0	0.0213675213675214	0.0122863247863248	0.0229700854700855	0.0261752136752137	0.0128205128205128	0.0128205128205128	0.015491452991453	0.0283119658119658	0.0364415862808146	0.0115740740740741	0.0135582010582011	0.0213675213675214	0	0.0291005291005291	0.0178571428571429	0.0205026455026455	0.0287698412698413	0.0297619047619048	0.0284391534391534	0.029940119760479	0.0410868124585818	0.0281084656084656	0.0274470899470899	0.0122863247863248	0.0291005291005291	0	0.0281084656084656	0.0294312169312169	0.0105820105820106	0.00958994708994709	0.0119047619047619	0.0306054557551564	0.0420808482438701	0.015542328042328	0.0132275132275132	0.0229700854700855	0.0178571428571429	0.0281084656084656	0	0.021494708994709	0.0284391534391534	0.0291005291005291	0.0281084656084656	0.030938123752495	0.0414181577203446	0.0205026455026455	0.0205026455026455	0.0261752136752137	0.0205026455026455	0.0294312169312169	0.021494708994709	0	0.0287698412698413	0.0297619047619048	0.0287698412698413	0.031936127744511	0.0427435387673956	0.0277777777777778	0.0271164021164021	0.0128205128205128	0.0287698412698413	0.0105820105820106	0.0284391534391534	0.0287698412698413	0	0.0122354497354497	0.0112433862433862	0.029940119760479	0.0414181577203446	0.0287698412698413	0.0281084656084656	0.0128205128205128	0.0297619047619048	0.00958994708994709	0.0291005291005291	0.0297619047619048	0.0122354497354497	0	0.0128968253968254	0.029940119760479	0.0424121935056329	0.0277777777777778	0.0271164021164021	0.015491452991453	0.0284391534391534	0.0119047619047619	0.0281084656084656	0.0287698412698413	0.0112433862433862	0.0128968253968254	0	0.0306054557551564	0.0414181577203446	0.0296074517631404	0.0289421157684631	0.0283119658119658	0.029940119760479	0.0306054557551564	0.030938123752495	0.031936127744511	0.029940119760479	0.029940119760479	0.0306054557551564	0	0.0443333333333333	0.0400927766732936	0.0390987408880053	0.0364415862808146	0.0410868124585818	0.0420808482438701	0.0414181577203446	0.0427435387673956	0.0414181577203446	0.0424121935056329	0.0414181577203446	0.0443333333333333	0
0	0.0118130457113508	0.024	0	0.0225988700564972	0.00975860297894196	0.02	0.0205444273240883	0.0281531531531532	0.0219298245614035	0.0534591194968553	0.0297894196199281	0.0118130457113508	0	0.024	0.0157894736842105	0.0208333333333333	0.0108695652173913	0.03	0.0194746376811594	0.0247747747747748	0.0184210526315789	0.0377358490566038	0.027972027972028	0.024	0.024	0	0.024	0.024	0.0266666666666667	0.00564971751412429	0.0213333333333333	0.0213333333333333	0.024	0.0216450216450216	0.0213333333333333	0	0.0157894736842105	0.024	0	0.0333333333333333	0.012280701754386	0.0202020202020202	0.0298245614035088	0.0333333333333333	0.0315789473684211	0.0555555555555556	0.0421052631578947	0.0225988700564972	0.0208333333333333	0.024	0.0333333333333333	0	0.0221920289855072	0.03	0.00996376811594203	0.0045045045045045	0.00964912280701754	0.0314465408805031	0.0261072261072261	0.00975860297894196	0.0108695652173913	0.0266666666666667	0.012280701754386	0.0221920289855072	0	0.03	0.0203804347826087	0.027027027027027	0.0228070175438597	0.050314465408805	0.0293706293706294	0.02	0.03	0.00564971751412429	0.0202020202020202	0.03	0.03	0	0.0233333333333333	0.03	0.0266666666666667	0.0303030303030303	0.0433333333333333	0.0205444273240883	0.0194746376811594	0.0213333333333333	0.0298245614035088	0.00996376811594203	0.0203804347826087	0.0233333333333333	0	0.0101351351351351	0.00701754385964912	0.0283018867924528	0.0251748251748252	0.0281531531531532	0.0247747747747748	0.0213333333333333	0.0333333333333333	0.0045045045045045	0.027027027027027	0.03	0.0101351351351351	0	0.00633713561470215	0.0283018867924528	0.0315315315315315	0.0219298245614035	0.0184210526315789	0.024	0.0315789473684211	0.00964912280701754	0.0228070175438597	0.0266666666666667	0.00701754385964912	0.00633713561470215	0	0.0283018867924528	0.0236842105263158	0.0534591194968553	0.0377358490566038	0.0216450216450216	0.0555555555555556	0.0314465408805031	0.050314465408805	0.0303030303030303	0.0283018867924528	0.0283018867924528	0.0283018867924528	0	0.0345911949685535	0.0297894196199281	0.027972027972028	0.0213333333333333	0.0421052631578947	0.0261072261072261	0.0293706293706294	0.0433333333333333	0.0251748251748252	0.0315315315315315	0.0236842105263158	0.0345911949685535	0
